These data are made available to the scientific community and public with the understanding that authors of publications 
and presentations will contact the PI to obtain up-to-date information on the latest version of the data during the early stages of their analysis. 
Manuscripts that employ these data should be reviewed by the PI before submission to ensure the quality and limitations of the data are represented.  

Data Disclaimer: Data has undergone extensive quality checks and is available from NOAA-GMD and WDCGG. 
However, there still exists the potential for these data to be modified at the discretion of NOAA/ESRL Global Monitoring Division. 

If you have questions regarding the data in this file, please contact:
Audra McClure-Begley: Audra.mcclure@noaa.gov (303-497-6823)

Please use the following citation for data use: 
McClure-Begley, A., Petropavlovskikh, I., Oltmans, S., (2014) NOAA Global Monitoring Surface Ozone Network.
 Station name, Time start-Time end. National Oceanic and Atmospheric Administration, Earth Systems Research Laboratory Global Monitoring Division. 
 Boulder, CO. DATE ACCESSED http://dx.doi.org/10.7289/V57P8WBF

STN YEAR  MON  DAY  HR  O3(PPB)
BMW 2015   06  01  00    24.45
BMW 2015   06  01  01    25.68
BMW 2015   06  01  02    27.06
BMW 2015   06  01  03    27.00
BMW 2015   06  01  04    26.07
BMW 2015   06  01  05    28.94
BMW 2015   06  01  06    28.73
BMW 2015   06  01  07    27.43
BMW 2015   06  01  08    23.51
BMW 2015   06  01  09    23.27
BMW 2015   06  01  10    22.21
BMW 2015   06  01  11    18.83
BMW 2015   06  01  12    20.51
BMW 2015   06  01  13    19.14
BMW 2015   06  01  14    17.94
BMW 2015   06  01  15  9999.99
BMW 2015   06  01  16    21.71
BMW 2015   06  01  17    21.39
BMW 2015   06  01  18    24.55
BMW 2015   06  01  19    19.99
BMW 2015   06  01  20    19.36
BMW 2015   06  01  21    20.32
BMW 2015   06  01  22    23.20
BMW 2015   06  01  23    21.42
BMW 2015   06  02  00    15.00
BMW 2015   06  02  01    16.43
BMW 2015   06  02  02    19.01
BMW 2015   06  02  03    14.63
BMW 2015   06  02  04    11.76
BMW 2015   06  02  05     9.96
BMW 2015   06  02  06    10.29
BMW 2015   06  02  07     9.96
BMW 2015   06  02  08     9.15
BMW 2015   06  02  09     9.56
BMW 2015   06  02  10     8.65
BMW 2015   06  02  11    13.24
BMW 2015   06  02  12    14.92
BMW 2015   06  02  13    16.14
BMW 2015   06  02  14    20.49
BMW 2015   06  02  15    17.18
BMW 2015   06  02  16    16.88
BMW 2015   06  02  17    16.33
BMW 2015   06  02  18    15.34
BMW 2015   06  02  19    14.72
BMW 2015   06  02  20    12.96
BMW 2015   06  02  21    11.21
BMW 2015   06  02  22    12.98
BMW 2015   06  02  23    13.35
BMW 2015   06  03  00     9.71
BMW 2015   06  03  01    11.13
BMW 2015   06  03  02    10.81
BMW 2015   06  03  03    10.18
BMW 2015   06  03  04    10.78
BMW 2015   06  03  05    11.19
BMW 2015   06  03  06    12.35
BMW 2015   06  03  07    11.87
BMW 2015   06  03  08    12.26
BMW 2015   06  03  09    11.13
BMW 2015   06  03  10    12.62
BMW 2015   06  03  11    15.00
BMW 2015   06  03  12    15.72
BMW 2015   06  03  13    17.53
BMW 2015   06  03  14    19.24
BMW 2015   06  03  15    19.93
BMW 2015   06  03  16    19.09
BMW 2015   06  03  17    18.82
BMW 2015   06  03  18    18.68
BMW 2015   06  03  19    17.78
BMW 2015   06  03  20    18.53
BMW 2015   06  03  21    18.34
BMW 2015   06  03  22    17.43
BMW 2015   06  03  23    15.07
BMW 2015   06  04  00    13.59
BMW 2015   06  04  01    11.33
BMW 2015   06  04  02    10.89
BMW 2015   06  04  03    11.09
BMW 2015   06  04  04    10.82
BMW 2015   06  04  05    10.01
BMW 2015   06  04  06     9.99
BMW 2015   06  04  07    12.14
BMW 2015   06  04  08    18.62
BMW 2015   06  04  09    18.96
BMW 2015   06  04  10    19.98
BMW 2015   06  04  11    21.79
BMW 2015   06  04  12    22.66
BMW 2015   06  04  13    23.81
BMW 2015   06  04  14    24.41
BMW 2015   06  04  15    24.01
BMW 2015   06  04  16    25.29
BMW 2015   06  04  17    27.69
BMW 2015   06  04  18    29.42
BMW 2015   06  04  19    29.66
BMW 2015   06  04  20    28.28
BMW 2015   06  04  21    28.56
BMW 2015   06  04  22    30.11
BMW 2015   06  04  23    26.06
BMW 2015   06  05  00    24.72
BMW 2015   06  05  01    21.69
BMW 2015   06  05  02    20.73
BMW 2015   06  05  03    21.92
BMW 2015   06  05  04    22.07
BMW 2015   06  05  05    21.69
BMW 2015   06  05  06    22.33
BMW 2015   06  05  07    23.18
BMW 2015   06  05  08    23.85
BMW 2015   06  05  09    22.11
BMW 2015   06  05  10    21.83
BMW 2015   06  05  11    22.83
BMW 2015   06  05  12    23.80
BMW 2015   06  05  13    23.71
BMW 2015   06  05  14    22.98
BMW 2015   06  05  15    22.74
BMW 2015   06  05  16    22.08
BMW 2015   06  05  17    21.60
BMW 2015   06  05  18    21.01
BMW 2015   06  05  19    20.24
BMW 2015   06  05  20    20.08
BMW 2015   06  05  21    20.85
BMW 2015   06  05  22    21.85
BMW 2015   06  05  23    22.22
BMW 2015   06  06  00    23.65
BMW 2015   06  06  01    23.34
BMW 2015   06  06  02    22.85
BMW 2015   06  06  03    23.83
BMW 2015   06  06  04    23.99
BMW 2015   06  06  05    23.81
BMW 2015   06  06  06    24.09
BMW 2015   06  06  07    24.56
BMW 2015   06  06  08    24.55
BMW 2015   06  06  09    22.74
BMW 2015   06  06  10    21.62
BMW 2015   06  06  11    21.19
BMW 2015   06  06  12    27.42
BMW 2015   06  06  13    28.13
BMW 2015   06  06  14    27.29
BMW 2015   06  06  15    23.81
BMW 2015   06  06  16    22.40
BMW 2015   06  06  17    23.78
BMW 2015   06  06  18    23.05
BMW 2015   06  06  19    22.81
BMW 2015   06  06  20    22.60
BMW 2015   06  06  21    23.02
BMW 2015   06  06  22    23.27
BMW 2015   06  06  23    19.66
BMW 2015   06  07  00    19.39
BMW 2015   06  07  01    16.51
BMW 2015   06  07  02    17.58
BMW 2015   06  07  03    19.44
BMW 2015   06  07  04    20.25
BMW 2015   06  07  05    20.80
BMW 2015   06  07  06    20.20
BMW 2015   06  07  07    18.36
BMW 2015   06  07  08    17.00
BMW 2015   06  07  09    15.42
BMW 2015   06  07  10    13.56
BMW 2015   06  07  11    14.51
BMW 2015   06  07  12    17.17
BMW 2015   06  07  13    18.99
BMW 2015   06  07  14    17.83
BMW 2015   06  07  15    18.51
BMW 2015   06  07  16    19.01
BMW 2015   06  07  17    21.53
BMW 2015   06  07  18    23.22
BMW 2015   06  07  19    20.72
BMW 2015   06  07  20    20.25
BMW 2015   06  07  21    21.49
BMW 2015   06  07  22    21.04
BMW 2015   06  07  23    22.61
BMW 2015   06  08  00    21.79
BMW 2015   06  08  01    25.87
BMW 2015   06  08  02    25.98
BMW 2015   06  08  03    25.95
BMW 2015   06  08  04    27.34
BMW 2015   06  08  05    26.24
BMW 2015   06  08  06    24.89
BMW 2015   06  08  07    25.19
BMW 2015   06  08  08    25.38
BMW 2015   06  08  09    24.65
BMW 2015   06  08  10    24.65
BMW 2015   06  08  11    25.07
BMW 2015   06  08  12    27.97
BMW 2015   06  08  13    31.87
BMW 2015   06  08  14    31.82
BMW 2015   06  08  15    30.03
BMW 2015   06  08  16    29.48
BMW 2015   06  08  17    30.39
BMW 2015   06  08  18    30.40
BMW 2015   06  08  19    32.82
BMW 2015   06  08  20    30.14
BMW 2015   06  08  21    28.86
BMW 2015   06  08  22    29.26
BMW 2015   06  08  23    31.91
BMW 2015   06  09  00    29.38
BMW 2015   06  09  01    22.88
BMW 2015   06  09  02    16.20
BMW 2015   06  09  03    20.33
BMW 2015   06  09  04    17.14
BMW 2015   06  09  05    22.56
BMW 2015   06  09  06    28.54
BMW 2015   06  09  07    30.09
BMW 2015   06  09  08    30.30
BMW 2015   06  09  09    30.37
BMW 2015   06  09  10    29.99
BMW 2015   06  09  11    30.03
BMW 2015   06  09  12    28.12
BMW 2015   06  09  13    27.25
BMW 2015   06  09  14    28.25
BMW 2015   06  09  15    25.57
BMW 2015   06  09  16    24.75
BMW 2015   06  09  17    24.90
BMW 2015   06  09  18    24.87
BMW 2015   06  09  19    27.20
BMW 2015   06  09  20    29.59
BMW 2015   06  09  21    28.56
BMW 2015   06  09  22    27.26
BMW 2015   06  09  23    28.65
BMW 2015   06  10  00    31.98
BMW 2015   06  10  01    28.14
BMW 2015   06  10  02    25.49
BMW 2015   06  10  03    25.17
BMW 2015   06  10  04    23.28
BMW 2015   06  10  05    22.17
BMW 2015   06  10  06    19.56
BMW 2015   06  10  07    21.00
BMW 2015   06  10  08    22.31
BMW 2015   06  10  09    19.56
BMW 2015   06  10  10    15.78
BMW 2015   06  10  11    18.11
BMW 2015   06  10  12    28.44
BMW 2015   06  10  13    33.60
BMW 2015   06  10  14    35.31
BMW 2015   06  10  15    42.53
BMW 2015   06  10  16    38.17
BMW 2015   06  10  17    37.37
BMW 2015   06  10  18    36.26
BMW 2015   06  10  19    33.89
BMW 2015   06  10  20    32.96
BMW 2015   06  10  21    33.02
BMW 2015   06  10  22    32.50
BMW 2015   06  10  23    30.27
BMW 2015   06  11  00    26.30
BMW 2015   06  11  01    25.81
BMW 2015   06  11  02    25.23
BMW 2015   06  11  03    25.75
BMW 2015   06  11  04    26.75
BMW 2015   06  11  05    26.31
BMW 2015   06  11  06    20.75
BMW 2015   06  11  07    23.64
BMW 2015   06  11  08    22.00
BMW 2015   06  11  09    24.70
BMW 2015   06  11  10    21.80
BMW 2015   06  11  11    24.10
BMW 2015   06  11  12    31.96
BMW 2015   06  11  13    31.43
BMW 2015   06  11  14    32.01
BMW 2015   06  11  15    31.02
BMW 2015   06  11  16    30.83
BMW 2015   06  11  17    30.88
BMW 2015   06  11  18    31.67
BMW 2015   06  11  19    31.40
BMW 2015   06  11  20    30.56
BMW 2015   06  11  21    30.07
BMW 2015   06  11  22    29.84
BMW 2015   06  11  23    28.30
BMW 2015   06  12  00    22.30
BMW 2015   06  12  01    23.11
BMW 2015   06  12  02    25.69
BMW 2015   06  12  03    26.78
BMW 2015   06  12  04    27.73
BMW 2015   06  12  05    30.22
BMW 2015   06  12  06    28.55
BMW 2015   06  12  07    29.84
BMW 2015   06  12  08    29.78
BMW 2015   06  12  09    29.65
BMW 2015   06  12  10    27.73
BMW 2015   06  12  11    24.96
BMW 2015   06  12  12    29.00
BMW 2015   06  12  13    30.67
BMW 2015   06  12  14    34.47
BMW 2015   06  12  15    35.98
BMW 2015   06  12  16    34.40
BMW 2015   06  12  17    33.54
BMW 2015   06  12  18    33.94
BMW 2015   06  12  19    30.55
BMW 2015   06  12  20    27.93
BMW 2015   06  12  21    27.88
BMW 2015   06  12  22    28.03
BMW 2015   06  12  23    27.80
BMW 2015   06  13  00    26.97
BMW 2015   06  13  01    22.66
BMW 2015   06  13  02    23.90
BMW 2015   06  13  03    18.75
BMW 2015   06  13  04    17.12
BMW 2015   06  13  05    16.42
BMW 2015   06  13  06    14.92
BMW 2015   06  13  07    16.96
BMW 2015   06  13  08    16.13
BMW 2015   06  13  09    18.11
BMW 2015   06  13  10    16.97
BMW 2015   06  13  11    19.76
BMW 2015   06  13  12    19.41
BMW 2015   06  13  13    22.89
BMW 2015   06  13  14    22.92
BMW 2015   06  13  15    22.40
BMW 2015   06  13  16    22.83
BMW 2015   06  13  17    20.83
BMW 2015   06  13  18    19.91
BMW 2015   06  13  19    20.13
BMW 2015   06  13  20    20.25
BMW 2015   06  13  21    21.12
BMW 2015   06  13  22    20.39
BMW 2015   06  13  23    20.17
BMW 2015   06  14  00    19.98
BMW 2015   06  14  01    20.29
BMW 2015   06  14  02    19.93
BMW 2015   06  14  03    20.36
BMW 2015   06  14  04    20.63
BMW 2015   06  14  05    19.99
BMW 2015   06  14  06    20.15
BMW 2015   06  14  07    20.63
BMW 2015   06  14  08    19.53
BMW 2015   06  14  09    19.33
BMW 2015   06  14  10    18.70
BMW 2015   06  14  11    18.25
BMW 2015   06  14  12    19.52
BMW 2015   06  14  13    19.39
BMW 2015   06  14  14    18.90
BMW 2015   06  14  15    18.56
BMW 2015   06  14  16    17.26
BMW 2015   06  14  17    16.39
BMW 2015   06  14  18    15.19
BMW 2015   06  14  19    21.37
BMW 2015   06  14  20    32.86
BMW 2015   06  14  21    25.07
BMW 2015   06  14  22    27.19
BMW 2015   06  14  23    30.38
BMW 2015   06  15  00    27.90
BMW 2015   06  15  01    29.99
BMW 2015   06  15  02    26.56
BMW 2015   06  15  03    23.42
BMW 2015   06  15  04    18.79
BMW 2015   06  15  05    20.41
BMW 2015   06  15  06    47.67
BMW 2015   06  15  07    46.57
BMW 2015   06  15  08    46.37
BMW 2015   06  15  09    43.04
BMW 2015   06  15  10    42.05
BMW 2015   06  15  11    40.83
BMW 2015   06  15  12    42.84
BMW 2015   06  15  13    40.57
BMW 2015   06  15  14    39.49
BMW 2015   06  15  15    39.58
BMW 2015   06  15  16    40.43
BMW 2015   06  15  17    37.14
BMW 2015   06  15  18    35.91
BMW 2015   06  15  19    34.84
BMW 2015   06  15  20    34.74
BMW 2015   06  15  21    33.96
BMW 2015   06  15  22    34.05
BMW 2015   06  15  23    33.00
BMW 2015   06  16  00    28.17
BMW 2015   06  16  01    21.94
BMW 2015   06  16  02    22.67
BMW 2015   06  16  03    20.75
BMW 2015   06  16  04    22.03
BMW 2015   06  16  05    21.96
BMW 2015   06  16  06    23.27
BMW 2015   06  16  07    25.60
BMW 2015   06  16  08    24.00
BMW 2015   06  16  09    23.31
BMW 2015   06  16  10    20.74
BMW 2015   06  16  11    21.00
BMW 2015   06  16  12    30.45
BMW 2015   06  16  13    34.18
BMW 2015   06  16  14  9999.99
BMW 2015   06  16  15    31.81
BMW 2015   06  16  16    31.64
BMW 2015   06  16  17    37.37
BMW 2015   06  16  18    43.35
BMW 2015   06  16  19    44.16
BMW 2015   06  16  20    41.34
BMW 2015   06  16  21    35.63
BMW 2015   06  16  22    33.30
BMW 2015   06  16  23    32.79
BMW 2015   06  17  00    27.23
BMW 2015   06  17  01    26.14
BMW 2015   06  17  02    26.01
BMW 2015   06  17  03    25.31
BMW 2015   06  17  04    26.83
BMW 2015   06  17  05    27.20
BMW 2015   06  17  06    26.24
BMW 2015   06  17  07    26.18
BMW 2015   06  17  08    25.98
BMW 2015   06  17  09    19.18
BMW 2015   06  17  10    17.66
BMW 2015   06  17  11    19.03
BMW 2015   06  17  12    30.85
BMW 2015   06  17  13    30.98
BMW 2015   06  17  14    30.63
BMW 2015   06  17  15    29.01
BMW 2015   06  17  16    27.75
BMW 2015   06  17  17    21.30
BMW 2015   06  17  18    15.79
BMW 2015   06  17  19    14.79
BMW 2015   06  17  20    14.95
BMW 2015   06  17  21    15.27
BMW 2015   06  17  22    15.40
BMW 2015   06  17  23    14.92
BMW 2015   06  18  00    14.65
BMW 2015   06  18  01    14.63
BMW 2015   06  18  02    14.41
BMW 2015   06  18  03    15.14
BMW 2015   06  18  04    21.07
BMW 2015   06  18  05    17.43
BMW 2015   06  18  06    16.99
BMW 2015   06  18  07    17.73
BMW 2015   06  18  08    19.11
BMW 2015   06  18  09    20.01
BMW 2015   06  18  10    20.44
BMW 2015   06  18  11    20.27
BMW 2015   06  18  12    23.43
BMW 2015   06  18  13    26.00
BMW 2015   06  18  14    25.98
BMW 2015   06  18  15    26.26
BMW 2015   06  18  16    27.84
BMW 2015   06  18  17    31.22
BMW 2015   06  18  18    30.59
BMW 2015   06  18  19    29.73
BMW 2015   06  18  20    30.58
BMW 2015   06  18  21    28.93
BMW 2015   06  18  22    28.40
BMW 2015   06  18  23    28.73
BMW 2015   06  19  00  9999.99
BMW 2015   06  19  01  9999.99
BMW 2015   06  19  02  9999.99
BMW 2015   06  19  03  9999.99
BMW 2015   06  19  04  9999.99
BMW 2015   06  19  05  9999.99
BMW 2015   06  19  06  9999.99
BMW 2015   06  19  07  9999.99
BMW 2015   06  19  08  9999.99
BMW 2015   06  19  09  9999.99
BMW 2015   06  19  10  9999.99
BMW 2015   06  19  11  9999.99
BMW 2015   06  19  12  9999.99
BMW 2015   06  19  13  9999.99
BMW 2015   06  19  14  9999.99
BMW 2015   06  19  15  9999.99
BMW 2015   06  19  16  9999.99
BMW 2015   06  19  17  9999.99
BMW 2015   06  19  18  9999.99
BMW 2015   06  19  19  9999.99
BMW 2015   06  19  20  9999.99
BMW 2015   06  19  21  9999.99
BMW 2015   06  19  22  9999.99
BMW 2015   06  19  23  9999.99
BMW 2015   06  20  00  9999.99
BMW 2015   06  20  01  9999.99
BMW 2015   06  20  02  9999.99
BMW 2015   06  20  03  9999.99
BMW 2015   06  20  04  9999.99
BMW 2015   06  20  05  9999.99
BMW 2015   06  20  06  9999.99
BMW 2015   06  20  07  9999.99
BMW 2015   06  20  08  9999.99
BMW 2015   06  20  09  9999.99
BMW 2015   06  20  10  9999.99
BMW 2015   06  20  11  9999.99
BMW 2015   06  20  12  9999.99
BMW 2015   06  20  13  9999.99
BMW 2015   06  20  14  9999.99
BMW 2015   06  20  15  9999.99
BMW 2015   06  20  16  9999.99
BMW 2015   06  20  17  9999.99
BMW 2015   06  20  18  9999.99
BMW 2015   06  20  19  9999.99
BMW 2015   06  20  20  9999.99
BMW 2015   06  20  21  9999.99
BMW 2015   06  20  22  9999.99
BMW 2015   06  20  23  9999.99
BMW 2015   06  21  00  9999.99
BMW 2015   06  21  01  9999.99
BMW 2015   06  21  02  9999.99
BMW 2015   06  21  03  9999.99
BMW 2015   06  21  04  9999.99
BMW 2015   06  21  05  9999.99
BMW 2015   06  21  06  9999.99
BMW 2015   06  21  07  9999.99
BMW 2015   06  21  08  9999.99
BMW 2015   06  21  09  9999.99
BMW 2015   06  21  10  9999.99
BMW 2015   06  21  11  9999.99
BMW 2015   06  21  12  9999.99
BMW 2015   06  21  13  9999.99
BMW 2015   06  21  14  9999.99
BMW 2015   06  21  15  9999.99
BMW 2015   06  21  16  9999.99
BMW 2015   06  21  17  9999.99
BMW 2015   06  21  18  9999.99
BMW 2015   06  21  19  9999.99
BMW 2015   06  21  20  9999.99
BMW 2015   06  21  21  9999.99
BMW 2015   06  21  22  9999.99
BMW 2015   06  21  23  9999.99
BMW 2015   06  22  00  9999.99
BMW 2015   06  22  01  9999.99
BMW 2015   06  22  02  9999.99
BMW 2015   06  22  03  9999.99
BMW 2015   06  22  04  9999.99
BMW 2015   06  22  05  9999.99
BMW 2015   06  22  06  9999.99
BMW 2015   06  22  07  9999.99
BMW 2015   06  22  08  9999.99
BMW 2015   06  22  09  9999.99
BMW 2015   06  22  10  9999.99
BMW 2015   06  22  11  9999.99
BMW 2015   06  22  12  9999.99
BMW 2015   06  22  13  9999.99
BMW 2015   06  22  14  9999.99
BMW 2015   06  22  15  9999.99
BMW 2015   06  22  16  9999.99
BMW 2015   06  22  17  9999.99
BMW 2015   06  22  18  9999.99
BMW 2015   06  22  19  9999.99
BMW 2015   06  22  20  9999.99
BMW 2015   06  22  21  9999.99
BMW 2015   06  22  22  9999.99
BMW 2015   06  22  23  9999.99
BMW 2015   06  23  00  9999.99
BMW 2015   06  23  01  9999.99
BMW 2015   06  23  02  9999.99
BMW 2015   06  23  03  9999.99
BMW 2015   06  23  04  9999.99
BMW 2015   06  23  05  9999.99
BMW 2015   06  23  06  9999.99
BMW 2015   06  23  07  9999.99
BMW 2015   06  23  08  9999.99
BMW 2015   06  23  09  9999.99
BMW 2015   06  23  10  9999.99
BMW 2015   06  23  11  9999.99
BMW 2015   06  23  12  9999.99
BMW 2015   06  23  13  9999.99
BMW 2015   06  23  14  9999.99
BMW 2015   06  23  15  9999.99
BMW 2015   06  23  16  9999.99
BMW 2015   06  23  17  9999.99
BMW 2015   06  23  18  9999.99
BMW 2015   06  23  19  9999.99
BMW 2015   06  23  20  9999.99
BMW 2015   06  23  21  9999.99
BMW 2015   06  23  22  9999.99
BMW 2015   06  23  23  9999.99
BMW 2015   06  24  00  9999.99
BMW 2015   06  24  01  9999.99
BMW 2015   06  24  02  9999.99
BMW 2015   06  24  03  9999.99
BMW 2015   06  24  04  9999.99
BMW 2015   06  24  05  9999.99
BMW 2015   06  24  06  9999.99
BMW 2015   06  24  07  9999.99
BMW 2015   06  24  08  9999.99
BMW 2015   06  24  09  9999.99
BMW 2015   06  24  10  9999.99
BMW 2015   06  24  11  9999.99
BMW 2015   06  24  12  9999.99
BMW 2015   06  24  13  9999.99
BMW 2015   06  24  14  9999.99
BMW 2015   06  24  15  9999.99
BMW 2015   06  24  16  9999.99
BMW 2015   06  24  17  9999.99
BMW 2015   06  24  18  9999.99
BMW 2015   06  24  19  9999.99
BMW 2015   06  24  20  9999.99
BMW 2015   06  24  21  9999.99
BMW 2015   06  24  22  9999.99
BMW 2015   06  24  23  9999.99
BMW 2015   06  25  00  9999.99
BMW 2015   06  25  01  9999.99
BMW 2015   06  25  02  9999.99
BMW 2015   06  25  03  9999.99
BMW 2015   06  25  04  9999.99
BMW 2015   06  25  05  9999.99
BMW 2015   06  25  06  9999.99
BMW 2015   06  25  07  9999.99
BMW 2015   06  25  08  9999.99
BMW 2015   06  25  09  9999.99
BMW 2015   06  25  10  9999.99
BMW 2015   06  25  11  9999.99
BMW 2015   06  25  12  9999.99
BMW 2015   06  25  13  9999.99
BMW 2015   06  25  14  9999.99
BMW 2015   06  25  15  9999.99
BMW 2015   06  25  16  9999.99
BMW 2015   06  25  17  9999.99
BMW 2015   06  25  18  9999.99
BMW 2015   06  25  19  9999.99
BMW 2015   06  25  20  9999.99
BMW 2015   06  25  21  9999.99
BMW 2015   06  25  22  9999.99
BMW 2015   06  25  23  9999.99
BMW 2015   06  26  00  9999.99
BMW 2015   06  26  01  9999.99
BMW 2015   06  26  02  9999.99
BMW 2015   06  26  03  9999.99
BMW 2015   06  26  04  9999.99
BMW 2015   06  26  05  9999.99
BMW 2015   06  26  06  9999.99
BMW 2015   06  26  07  9999.99
BMW 2015   06  26  08  9999.99
BMW 2015   06  26  09  9999.99
BMW 2015   06  26  10  9999.99
BMW 2015   06  26  11  9999.99
BMW 2015   06  26  12  9999.99
BMW 2015   06  26  13  9999.99
BMW 2015   06  26  14  9999.99
BMW 2015   06  26  15  9999.99
BMW 2015   06  26  16  9999.99
BMW 2015   06  26  17  9999.99
BMW 2015   06  26  18  9999.99
BMW 2015   06  26  19  9999.99
BMW 2015   06  26  20  9999.99
BMW 2015   06  26  21  9999.99
BMW 2015   06  26  22  9999.99
BMW 2015   06  26  23  9999.99
BMW 2015   06  27  00  9999.99
BMW 2015   06  27  01  9999.99
BMW 2015   06  27  02  9999.99
BMW 2015   06  27  03  9999.99
BMW 2015   06  27  04  9999.99
BMW 2015   06  27  05  9999.99
BMW 2015   06  27  06  9999.99
BMW 2015   06  27  07  9999.99
BMW 2015   06  27  08  9999.99
BMW 2015   06  27  09  9999.99
BMW 2015   06  27  10  9999.99
BMW 2015   06  27  11  9999.99
BMW 2015   06  27  12  9999.99
BMW 2015   06  27  13  9999.99
BMW 2015   06  27  14  9999.99
BMW 2015   06  27  15  9999.99
BMW 2015   06  27  16  9999.99
BMW 2015   06  27  17  9999.99
BMW 2015   06  27  18  9999.99
BMW 2015   06  27  19  9999.99
BMW 2015   06  27  20  9999.99
BMW 2015   06  27  21  9999.99
BMW 2015   06  27  22  9999.99
BMW 2015   06  27  23  9999.99
BMW 2015   06  28  00  9999.99
BMW 2015   06  28  01  9999.99
BMW 2015   06  28  02  9999.99
BMW 2015   06  28  03  9999.99
BMW 2015   06  28  04  9999.99
BMW 2015   06  28  05  9999.99
BMW 2015   06  28  06  9999.99
BMW 2015   06  28  07  9999.99
BMW 2015   06  28  08  9999.99
BMW 2015   06  28  09  9999.99
BMW 2015   06  28  10  9999.99
BMW 2015   06  28  11  9999.99
BMW 2015   06  28  12  9999.99
BMW 2015   06  28  13  9999.99
BMW 2015   06  28  14  9999.99
BMW 2015   06  28  15  9999.99
BMW 2015   06  28  16  9999.99
BMW 2015   06  28  17  9999.99
BMW 2015   06  28  18  9999.99
BMW 2015   06  28  19  9999.99
BMW 2015   06  28  20  9999.99
BMW 2015   06  28  21  9999.99
BMW 2015   06  28  22  9999.99
BMW 2015   06  28  23  9999.99
BMW 2015   06  29  00  9999.99
BMW 2015   06  29  01  9999.99
BMW 2015   06  29  02  9999.99
BMW 2015   06  29  03  9999.99
BMW 2015   06  29  04  9999.99
BMW 2015   06  29  05  9999.99
BMW 2015   06  29  06  9999.99
BMW 2015   06  29  07  9999.99
BMW 2015   06  29  08  9999.99
BMW 2015   06  29  09  9999.99
BMW 2015   06  29  10  9999.99
BMW 2015   06  29  11  9999.99
BMW 2015   06  29  12  9999.99
BMW 2015   06  29  13  9999.99
BMW 2015   06  29  14  9999.99
BMW 2015   06  29  15  9999.99
BMW 2015   06  29  16  9999.99
BMW 2015   06  29  17  9999.99
BMW 2015   06  29  18  9999.99
BMW 2015   06  29  19  9999.99
BMW 2015   06  29  20  9999.99
BMW 2015   06  29  21  9999.99
BMW 2015   06  29  22  9999.99
BMW 2015   06  29  23  9999.99
BMW 2015   06  30  00  9999.99
BMW 2015   06  30  01  9999.99
BMW 2015   06  30  02  9999.99
BMW 2015   06  30  03  9999.99
BMW 2015   06  30  04  9999.99
BMW 2015   06  30  05  9999.99
BMW 2015   06  30  06  9999.99
BMW 2015   06  30  07  9999.99
BMW 2015   06  30  08  9999.99
BMW 2015   06  30  09  9999.99
BMW 2015   06  30  10  9999.99
BMW 2015   06  30  11  9999.99
BMW 2015   06  30  12  9999.99
BMW 2015   06  30  13  9999.99
BMW 2015   06  30  14  9999.99
BMW 2015   06  30  15  9999.99
BMW 2015   06  30  16  9999.99
BMW 2015   06  30  17  9999.99
BMW 2015   06  30  18  9999.99
BMW 2015   06  30  19  9999.99
BMW 2015   06  30  20  9999.99
BMW 2015   06  30  21  9999.99
BMW 2015   06  30  22  9999.99
BMW 2015   06  30  23  9999.99
