These data are made available to the scientific community and public with the understanding that authors of publications 
and presentations will contact the PI to obtain up-to-date information on the latest version of the data during the early stages of their analysis. 
Manuscripts that employ these data should be reviewed by the PI before submission to ensure the quality and limitations of the data are represented.  

Data Disclaimer: Data has undergone extensive quality checks and is available from NOAA-GMD and WDCGG. 
However, there still exists the potential for these data to be modified at the discretion of NOAA/ESRL Global Monitoring Division. 

If you have questions regarding the data in this file, please contact:
Audra McClure-Begley: Audra.mcclure@noaa.gov (303-497-6823)

Please use the following citation for data use: 
McClure-Begley, A., Petropavlovskikh, I., Oltmans, S., (2014) NOAA Global Monitoring Surface Ozone Network.
 Station name, Time start-Time end. National Oceanic and Atmospheric Administration, Earth Systems Research Laboratory Global Monitoring Division. 
 Boulder, CO. DATE ACCESSED http://dx.doi.org/10.7289/V57P8WBF

STN YEAR  MON  DAY  HR  O3(PPB)
BMW 2016   10  01  00     18.08
BMW 2016   10  01  01     19.02
BMW 2016   10  01  02     20.03
BMW 2016   10  01  03     19.47
BMW 2016   10  01  04     19.72
BMW 2016   10  01  05     20.89
BMW 2016   10  01  06     22.98
BMW 2016   10  01  07     27.13
BMW 2016   10  01  08     29.39
BMW 2016   10  01  09     30.05
BMW 2016   10  01  10     28.44
BMW 2016   10  01  11     26.71
BMW 2016   10  01  12     27.00
BMW 2016   10  01  13     27.75
BMW 2016   10  01  14     27.68
BMW 2016   10  01  15     26.99
BMW 2016   10  01  16     26.00
BMW 2016   10  01  17     24.72
BMW 2016   10  01  18     23.96
BMW 2016   10  01  19     24.39
BMW 2016   10  01  20     24.19
BMW 2016   10  01  21     23.94
BMW 2016   10  01  22     23.62
BMW 2016   10  01  23     23.35
BMW 2016   10  02  00     23.37
BMW 2016   10  02  01     23.61
BMW 2016   10  02  02     24.71
BMW 2016   10  02  03     25.16
BMW 2016   10  02  04     25.29
BMW 2016   10  02  05     25.59
BMW 2016   10  02  06     25.84
BMW 2016   10  02  07     25.58
BMW 2016   10  02  08     25.82
BMW 2016   10  02  09     26.08
BMW 2016   10  02  10     25.45
BMW 2016   10  02  11     24.43
BMW 2016   10  02  12     24.11
BMW 2016   10  02  13     24.17
BMW 2016   10  02  14     23.59
BMW 2016   10  02  15     22.91
BMW 2016   10  02  16     21.59
BMW 2016   10  02  17     20.38
BMW 2016   10  02  18     20.07
BMW 2016   10  02  19     19.47
BMW 2016   10  02  20     19.07
BMW 2016   10  02  21     18.88
BMW 2016   10  02  22     18.94
BMW 2016   10  02  23     18.76
BMW 2016   10  03  00     19.02
BMW 2016   10  03  01     19.02
BMW 2016   10  03  02     19.74
BMW 2016   10  03  03     19.58
BMW 2016   10  03  04     19.86
BMW 2016   10  03  05     19.95
BMW 2016   10  03  06     20.00
BMW 2016   10  03  07     20.14
BMW 2016   10  03  08     20.55
BMW 2016   10  03  09     20.78
BMW 2016   10  03  10     20.79
BMW 2016   10  03  11     20.45
BMW 2016   10  03  12     20.08
BMW 2016   10  03  13     20.10
BMW 2016   10  03  14     21.89
BMW 2016   10  03  15   9999.99
BMW 2016   10  03  16     20.35
BMW 2016   10  03  17     20.35
BMW 2016   10  03  18     20.27
BMW 2016   10  03  19     20.53
BMW 2016   10  03  20     20.60
BMW 2016   10  03  21     20.26
BMW 2016   10  03  22     20.48
BMW 2016   10  03  23     20.82
BMW 2016   10  04  00     20.25
BMW 2016   10  04  01     20.06
BMW 2016   10  04  02     20.26
BMW 2016   10  04  03     19.24
BMW 2016   10  04  04     19.14
BMW 2016   10  04  05     19.22
BMW 2016   10  04  06     19.04
BMW 2016   10  04  07     18.86
BMW 2016   10  04  08     18.67
BMW 2016   10  04  09     19.95
BMW 2016   10  04  10     19.58
BMW 2016   10  04  11     19.03
BMW 2016   10  04  12     19.22
BMW 2016   10  04  13     18.99
BMW 2016   10  04  14     18.64
BMW 2016   10  04  15     18.56
BMW 2016   10  04  16     19.23
BMW 2016   10  04  17     18.43
BMW 2016   10  04  18     17.92
BMW 2016   10  04  19     18.24
BMW 2016   10  04  20     18.17
BMW 2016   10  04  21     18.13
BMW 2016   10  04  22     19.28
BMW 2016   10  04  23     19.43
BMW 2016   10  05  00     19.16
BMW 2016   10  05  01     19.07
BMW 2016   10  05  02     19.48
BMW 2016   10  05  03     19.33
BMW 2016   10  05  04     19.49
BMW 2016   10  05  05     20.17
BMW 2016   10  05  06     20.76
BMW 2016   10  05  07     20.43
BMW 2016   10  05  08     19.93
BMW 2016   10  05  09     19.79
BMW 2016   10  05  10     18.96
BMW 2016   10  05  11     18.27
BMW 2016   10  05  12     17.06
BMW 2016   10  05  13     17.19
BMW 2016   10  05  14     17.24
BMW 2016   10  05  15     17.96
BMW 2016   10  05  16     17.51
BMW 2016   10  05  17     18.34
BMW 2016   10  05  18     18.22
BMW 2016   10  05  19     17.73
BMW 2016   10  05  20     18.30
BMW 2016   10  05  21     18.23
BMW 2016   10  05  22     18.20
BMW 2016   10  05  23     17.89
BMW 2016   10  06  00     17.63
BMW 2016   10  06  01     16.67
BMW 2016   10  06  02     16.87
BMW 2016   10  06  03     15.78
BMW 2016   10  06  04     15.54
BMW 2016   10  06  05     15.47
BMW 2016   10  06  06     15.76
BMW 2016   10  06  07     15.87
BMW 2016   10  06  08     16.72
BMW 2016   10  06  09     16.32
BMW 2016   10  06  10     15.89
BMW 2016   10  06  11     15.65
BMW 2016   10  06  12     15.33
BMW 2016   10  06  13     16.03
BMW 2016   10  06  14     16.96
BMW 2016   10  06  15     19.08
BMW 2016   10  06  16     19.87
BMW 2016   10  06  17     15.27
BMW 2016   10  06  18     15.94
BMW 2016   10  06  19     14.29
BMW 2016   10  06  20     15.14
BMW 2016   10  06  21     14.67
BMW 2016   10  06  22     15.18
BMW 2016   10  06  23     16.52
BMW 2016   10  07  00     15.64
BMW 2016   10  07  01     15.74
BMW 2016   10  07  02     17.25
BMW 2016   10  07  03     17.17
BMW 2016   10  07  04     17.23
BMW 2016   10  07  05     16.26
BMW 2016   10  07  06     20.43
BMW 2016   10  07  07     28.82
BMW 2016   10  07  08     30.86
BMW 2016   10  07  09     33.73
BMW 2016   10  07  10     38.14
BMW 2016   10  07  11     38.06
BMW 2016   10  07  12     38.39
BMW 2016   10  07  13     37.62
BMW 2016   10  07  14     37.58
BMW 2016   10  07  15     37.50
BMW 2016   10  07  16     35.63
BMW 2016   10  07  17     31.96
BMW 2016   10  07  18     31.89
BMW 2016   10  07  19     34.91
BMW 2016   10  07  20     35.73
BMW 2016   10  07  21     34.98
BMW 2016   10  07  22     26.34
BMW 2016   10  07  23     19.81
BMW 2016   10  08  00     34.24
BMW 2016   10  08  01     27.03
BMW 2016   10  08  02     19.70
BMW 2016   10  08  03     27.14
BMW 2016   10  08  04     18.43
BMW 2016   10  08  05     34.86
BMW 2016   10  08  06     29.51
BMW 2016   10  08  07     22.66
BMW 2016   10  08  08     27.01
BMW 2016   10  08  09     37.44
BMW 2016   10  08  10     24.24
BMW 2016   10  08  11     18.60
BMW 2016   10  08  12     27.38
BMW 2016   10  08  13     29.75
BMW 2016   10  08  14     36.10
BMW 2016   10  08  15     33.51
BMW 2016   10  08  16     35.30
BMW 2016   10  08  17     32.80
BMW 2016   10  08  18     32.45
BMW 2016   10  08  19     32.58
BMW 2016   10  08  20     32.48
BMW 2016   10  08  21     32.95
BMW 2016   10  08  22     34.30
BMW 2016   10  08  23     33.51
BMW 2016   10  09  00     31.72
BMW 2016   10  09  01     29.85
BMW 2016   10  09  02     27.25
BMW 2016   10  09  03     24.50
BMW 2016   10  09  04     18.48
BMW 2016   10  09  05     19.31
BMW 2016   10  09  06     22.06
BMW 2016   10  09  07     26.09
BMW 2016   10  09  08     28.42
BMW 2016   10  09  09     29.63
BMW 2016   10  09  10     31.02
BMW 2016   10  09  11     31.16
BMW 2016   10  09  12     31.00
BMW 2016   10  09  13     27.23
BMW 2016   10  09  14     21.06
BMW 2016   10  09  15     20.39
BMW 2016   10  09  16     23.49
BMW 2016   10  09  17     21.83
BMW 2016   10  09  18     21.50
BMW 2016   10  09  19     21.32
BMW 2016   10  09  20     21.81
BMW 2016   10  09  21     22.62
BMW 2016   10  09  22     21.43
BMW 2016   10  09  23     22.40
BMW 2016   10  10  00     22.24
BMW 2016   10  10  01     20.83
BMW 2016   10  10  02     20.60
BMW 2016   10  10  03     21.26
BMW 2016   10  10  04     22.76
BMW 2016   10  10  05     24.99
BMW 2016   10  10  06     24.93
BMW 2016   10  10  07     25.77
BMW 2016   10  10  08     26.79
BMW 2016   10  10  09     26.96
BMW 2016   10  10  10     26.65
BMW 2016   10  10  11     26.45
BMW 2016   10  10  12     26.23
BMW 2016   10  10  13     25.58
BMW 2016   10  10  14     25.18
BMW 2016   10  10  15   9999.99
BMW 2016   10  10  16     24.44
BMW 2016   10  10  17     27.00
BMW 2016   10  10  18     21.92
BMW 2016   10  10  19     23.47
BMW 2016   10  10  20     24.46
BMW 2016   10  10  21     23.60
BMW 2016   10  10  22     25.23
BMW 2016   10  10  23     24.48
BMW 2016   10  11  00     24.57
BMW 2016   10  11  01     26.03
BMW 2016   10  11  02     28.01
BMW 2016   10  11  03     27.47
BMW 2016   10  11  04     25.71
BMW 2016   10  11  05     29.66
BMW 2016   10  11  06     34.95
BMW 2016   10  11  07     34.65
BMW 2016   10  11  08     28.09
BMW 2016   10  11  09     29.28
BMW 2016   10  11  10     29.81
BMW 2016   10  11  11     30.48
BMW 2016   10  11  12     30.39
BMW 2016   10  11  13     31.86
BMW 2016   10  11  14     32.42
BMW 2016   10  11  15   9999.99
BMW 2016   10  14  17   9999.99
BMW 2016   10  14  18     32.05
BMW 2016   10  14  19     34.45
BMW 2016   10  14  20     35.36
BMW 2016   10  14  21     35.28
BMW 2016   10  14  22     35.64
BMW 2016   10  14  23     35.70
BMW 2016   10  15  00     35.64
BMW 2016   10  15  01     37.07
BMW 2016   10  15  02     37.96
BMW 2016   10  15  03     38.01
BMW 2016   10  15  04     38.32
BMW 2016   10  15  05     38.58
BMW 2016   10  15  06     39.11
BMW 2016   10  15  07     39.47
BMW 2016   10  15  08     39.75
BMW 2016   10  15  09     39.89
BMW 2016   10  15  10     39.58
BMW 2016   10  15  11     38.99
BMW 2016   10  15  12     38.84
BMW 2016   10  15  13     40.07
BMW 2016   10  15  14     41.36
BMW 2016   10  15  15     41.51
BMW 2016   10  15  16     41.25
BMW 2016   10  15  17     42.43
BMW 2016   10  15  18     42.43
BMW 2016   10  15  19     42.67
BMW 2016   10  15  20     43.49
BMW 2016   10  15  21     42.79
BMW 2016   10  15  22     43.64
BMW 2016   10  15  23     45.18
BMW 2016   10  16  00     46.53
BMW 2016   10  16  01     46.71
BMW 2016   10  16  02     47.35
BMW 2016   10  16  03     47.05
BMW 2016   10  16  04     47.48
BMW 2016   10  16  05     48.25
BMW 2016   10  16  06     47.00
BMW 2016   10  16  07     46.30
BMW 2016   10  16  08     46.89
BMW 2016   10  16  09     46.41
BMW 2016   10  16  10     47.99
BMW 2016   10  16  11     47.71
BMW 2016   10  16  12     46.93
BMW 2016   10  16  13     46.67
BMW 2016   10  16  14     46.01
BMW 2016   10  16  15     45.51
BMW 2016   10  16  16     43.24
BMW 2016   10  16  17     43.95
BMW 2016   10  16  18     43.97
BMW 2016   10  16  19     41.96
BMW 2016   10  16  20     41.33
BMW 2016   10  16  21     41.41
BMW 2016   10  16  22     40.79
BMW 2016   10  16  23     40.37
BMW 2016   10  17  00     41.88
BMW 2016   10  17  01     41.88
BMW 2016   10  17  02     40.60
BMW 2016   10  17  03     42.16
BMW 2016   10  17  04     42.49
BMW 2016   10  17  05     41.36
BMW 2016   10  17  06     41.26
BMW 2016   10  17  07     42.09
BMW 2016   10  17  08     42.40
BMW 2016   10  17  09     42.69
BMW 2016   10  17  10     42.48
BMW 2016   10  17  11     39.89
BMW 2016   10  17  12     42.50
BMW 2016   10  17  13     43.19
BMW 2016   10  17  14     43.42
BMW 2016   10  17  15   9999.99
BMW 2016   10  17  16     41.38
BMW 2016   10  17  17     41.35
BMW 2016   10  17  18     40.38
BMW 2016   10  17  19     40.37
BMW 2016   10  17  20     40.49
BMW 2016   10  17  21     40.45
BMW 2016   10  17  22     33.60
BMW 2016   10  17  23     32.64
BMW 2016   10  18  00     40.70
BMW 2016   10  18  01     32.64
BMW 2016   10  18  02     37.43
BMW 2016   10  18  03     31.49
BMW 2016   10  18  04     32.97
BMW 2016   10  18  05     37.04
BMW 2016   10  18  06     39.20
BMW 2016   10  18  07     40.34
BMW 2016   10  18  08     35.65
BMW 2016   10  18  09     35.62
BMW 2016   10  18  10     37.43
BMW 2016   10  18  11     39.12
BMW 2016   10  18  12     39.17
BMW 2016   10  18  13     38.82
BMW 2016   10  18  14     40.35
BMW 2016   10  18  15     40.31
BMW 2016   10  18  16     39.62
BMW 2016   10  18  17     39.22
BMW 2016   10  18  18     39.25
BMW 2016   10  18  19     38.63
BMW 2016   10  18  20     38.47
BMW 2016   10  18  21     38.07
BMW 2016   10  18  22     38.31
BMW 2016   10  18  23     38.35
BMW 2016   10  19  00     39.30
BMW 2016   10  19  01     39.64
BMW 2016   10  19  02     39.62
BMW 2016   10  19  03     39.99
BMW 2016   10  19  04     40.45
BMW 2016   10  19  05     40.70
BMW 2016   10  19  06     40.53
BMW 2016   10  19  07     40.58
BMW 2016   10  19  08     40.97
BMW 2016   10  19  09     41.96
BMW 2016   10  19  10     41.85
BMW 2016   10  19  11     39.34
BMW 2016   10  19  12     32.90
BMW 2016   10  19  13     31.10
BMW 2016   10  19  14     39.12
BMW 2016   10  19  15     39.24
BMW 2016   10  19  16     38.49
BMW 2016   10  19  17     36.43
BMW 2016   10  19  18     34.87
BMW 2016   10  19  19     34.51
BMW 2016   10  19  20     33.41
BMW 2016   10  19  21     33.59
BMW 2016   10  19  22     33.28
BMW 2016   10  19  23     31.35
BMW 2016   10  20  00     31.68
BMW 2016   10  20  01     31.29
BMW 2016   10  20  02     31.67
BMW 2016   10  20  03     31.20
BMW 2016   10  20  04     31.04
BMW 2016   10  20  05     31.13
BMW 2016   10  20  06     31.33
BMW 2016   10  20  07     33.07
BMW 2016   10  20  08     33.11
BMW 2016   10  20  09     34.20
BMW 2016   10  20  10     34.83
BMW 2016   10  20  11     34.27
BMW 2016   10  20  12     32.04
BMW 2016   10  20  13     31.40
BMW 2016   10  20  14     31.10
BMW 2016   10  20  15     30.23
BMW 2016   10  20  16     28.11
BMW 2016   10  20  17     26.96
BMW 2016   10  20  18     25.51
BMW 2016   10  20  19     23.90
BMW 2016   10  20  20     23.00
BMW 2016   10  20  21     22.80
BMW 2016   10  20  22     22.50
BMW 2016   10  20  23     22.52
BMW 2016   10  21  00     23.23
BMW 2016   10  21  01     24.06
BMW 2016   10  21  02     24.69
BMW 2016   10  21  03     25.35
BMW 2016   10  21  04     24.80
BMW 2016   10  21  05     25.82
BMW 2016   10  21  06     26.68
BMW 2016   10  21  07     26.88
BMW 2016   10  21  08     26.61
BMW 2016   10  21  09     26.51
BMW 2016   10  21  10     27.11
BMW 2016   10  21  11     26.29
BMW 2016   10  21  12     25.42
BMW 2016   10  21  13     24.53
BMW 2016   10  21  14     25.73
BMW 2016   10  21  15     26.43
BMW 2016   10  21  16     26.72
BMW 2016   10  21  17     27.56
BMW 2016   10  21  18     26.94
BMW 2016   10  21  19     27.16
BMW 2016   10  21  20     28.06
BMW 2016   10  21  21     25.47
BMW 2016   10  21  22     22.98
BMW 2016   10  21  23     21.72
BMW 2016   10  22  00     18.87
BMW 2016   10  22  01     16.86
BMW 2016   10  22  02     14.43
BMW 2016   10  22  03     12.95
BMW 2016   10  22  04     12.40
BMW 2016   10  22  05     13.89
BMW 2016   10  22  06     16.41
BMW 2016   10  22  07   9999.99
BMW 2016   10  24  15   9999.99
BMW 2016   10  24  16   9999.99
BMW 2016   10  24  17     40.51
BMW 2016   10  24  18     42.45
BMW 2016   10  24  19     43.04
BMW 2016   10  24  20     43.96
BMW 2016   10  24  21     45.24
BMW 2016   10  24  22     45.57
BMW 2016   10  24  23     45.20
BMW 2016   10  25  00     45.60
BMW 2016   10  25  01     45.83
BMW 2016   10  25  02     46.24
BMW 2016   10  25  03     46.15
BMW 2016   10  25  04     46.23
BMW 2016   10  25  05     46.06
BMW 2016   10  25  06     45.53
BMW 2016   10  25  07     45.26
BMW 2016   10  25  08     45.27
BMW 2016   10  25  09     44.79
BMW 2016   10  25  10     45.49
BMW 2016   10  25  11     46.12
BMW 2016   10  25  12     45.58
BMW 2016   10  25  13     44.76
BMW 2016   10  25  14     43.75
BMW 2016   10  25  15     43.51
BMW 2016   10  25  16     42.28
BMW 2016   10  25  17     42.32
BMW 2016   10  25  18     43.97
BMW 2016   10  25  19     47.21
BMW 2016   10  25  20     48.27
BMW 2016   10  25  21     48.50
BMW 2016   10  25  22     48.61
BMW 2016   10  25  23     48.55
BMW 2016   10  26  00     49.24
BMW 2016   10  26  01     48.29
BMW 2016   10  26  02     48.14
BMW 2016   10  26  03     48.55
BMW 2016   10  26  04     48.64
BMW 2016   10  26  05     49.12
BMW 2016   10  26  06     49.11
BMW 2016   10  26  07     46.76
BMW 2016   10  26  08     45.62
BMW 2016   10  26  09     47.19
BMW 2016   10  26  10     47.74
BMW 2016   10  26  11     46.84
BMW 2016   10  26  12     44.61
BMW 2016   10  26  13     44.81
BMW 2016   10  26  14     43.98
BMW 2016   10  26  15     44.13
BMW 2016   10  26  16     44.74
BMW 2016   10  26  17     44.37
BMW 2016   10  26  18     43.72
BMW 2016   10  26  19     43.98
BMW 2016   10  26  20     44.95
BMW 2016   10  26  21     45.14
BMW 2016   10  26  22     44.73
BMW 2016   10  26  23     42.48
BMW 2016   10  27  00     42.63
BMW 2016   10  27  01     43.36
BMW 2016   10  27  02     43.04
BMW 2016   10  27  03     42.96
BMW 2016   10  27  04     43.44
BMW 2016   10  27  05     43.85
BMW 2016   10  27  06     43.45
BMW 2016   10  27  07     44.17
BMW 2016   10  27  08     43.80
BMW 2016   10  27  09     43.84
BMW 2016   10  27  10     44.96
BMW 2016   10  27  11     45.49
BMW 2016   10  27  12     44.81
BMW 2016   10  27  13     43.43
BMW 2016   10  27  14     43.44
BMW 2016   10  27  15     42.30
BMW 2016   10  27  16     41.23
BMW 2016   10  27  17     41.06
BMW 2016   10  27  18     40.40
BMW 2016   10  27  19     41.53
BMW 2016   10  27  20     42.19
BMW 2016   10  27  21     41.83
BMW 2016   10  27  22     42.39
BMW 2016   10  27  23     44.00
BMW 2016   10  28  00     44.29
BMW 2016   10  28  01     43.95
BMW 2016   10  28  02     43.22
BMW 2016   10  28  03     43.29
BMW 2016   10  28  04     35.79
BMW 2016   10  28  05     34.57
BMW 2016   10  28  06     38.67
BMW 2016   10  28  07     33.46
BMW 2016   10  28  08     36.98
BMW 2016   10  28  09     29.90
BMW 2016   10  28  10     18.11
BMW 2016   10  28  11     36.88
BMW 2016   10  28  12     40.11
BMW 2016   10  28  13     41.97
BMW 2016   10  28  14     42.98
BMW 2016   10  28  15     42.84
BMW 2016   10  28  16     42.30
BMW 2016   10  28  17     41.94
BMW 2016   10  28  18     42.73
BMW 2016   10  28  19     42.03
BMW 2016   10  28  20     41.27
BMW 2016   10  28  21     39.75
BMW 2016   10  28  22     39.64
BMW 2016   10  28  23     40.02
BMW 2016   10  29  00     39.67
BMW 2016   10  29  01     42.26
BMW 2016   10  29  02     43.46
BMW 2016   10  29  03     43.77
BMW 2016   10  29  04     44.14
BMW 2016   10  29  05     44.26
BMW 2016   10  29  06     43.99
BMW 2016   10  29  07     43.98
BMW 2016   10  29  08     44.45
BMW 2016   10  29  09     45.02
BMW 2016   10  29  10     44.34
BMW 2016   10  29  11     44.60
BMW 2016   10  29  12     44.97
BMW 2016   10  29  13     44.59
BMW 2016   10  29  14     44.41
BMW 2016   10  29  15     44.44
BMW 2016   10  29  16     43.70
BMW 2016   10  29  17     42.47
BMW 2016   10  29  18     42.07
BMW 2016   10  29  19     42.74
BMW 2016   10  29  20     43.12
BMW 2016   10  29  21     45.01
BMW 2016   10  29  22     45.62
BMW 2016   10  29  23     45.89
BMW 2016   10  30  00     46.46
BMW 2016   10  30  01   9999.99
BMW 2016   10  31  00     35.52
BMW 2016   10  31  01     38.77
BMW 2016   10  31  02     44.08
BMW 2016   10  31  03     44.73
BMW 2016   10  31  04     44.36
BMW 2016   10  31  05     43.77
BMW 2016   10  31  06     44.25
BMW 2016   10  31  07     44.68
BMW 2016   10  31  08     44.79
BMW 2016   10  31  09     40.27
BMW 2016   10  31  10     41.13
BMW 2016   10  31  11     32.12
BMW 2016   10  31  12     29.71
BMW 2016   10  31  13     44.17
BMW 2016   10  31  14     45.72
BMW 2016   10  31  15     45.80
BMW 2016   10  31  16     41.83
BMW 2016   10  31  17     41.91
BMW 2016   10  31  18     42.94
BMW 2016   10  31  19     44.25
BMW 2016   10  31  20     43.60
BMW 2016   10  31  21     44.49
BMW 2016   10  31  22     42.34
BMW 2016   10  31  23     42.45
