These data are made available to the scientific community and public with the understanding that authors of publications 
and presentations will contact the PI to obtain up-to-date information on the latest version of the data during the early stages of their analysis. 
Manuscripts that employ these data should be reviewed by the PI before submission to ensure the quality and limitations of the data are represented.  

Data Disclaimer: Data has undergone extensive quality checks and is available from NOAA-GMD and WDCGG. 
However, there still exists the potential for these data to be modified at the discretion of NOAA/ESRL Global Monitoring Division. 

If you have questions regarding the data in this file, please contact:
Audra McClure-Begley: Audra.mcclure@noaa.gov (303-497-6823)

Please use the following citation for data use: 
McClure-Begley, A., Petropavlovskikh, I., Oltmans, S., (2014) NOAA Global Monitoring Surface Ozone Network.
 Station name, Time start-Time end. National Oceanic and Atmospheric Administration, Earth Systems Research Laboratory Global Monitoring Division. 
 Boulder, CO. DATE ACCESSED http://dx.doi.org/10.7289/V57P8WBF

STN YEAR  MON  DAY  HR  MIN  O3(PPB)
SMO 2011   04  01  00    00    14.42
SMO 2011   04  01  01    00    15.42
SMO 2011   04  01  02    00    15.52
SMO 2011   04  01  03    00    15.61
SMO 2011   04  01  04    00    14.86
SMO 2011   04  01  05    00    14.90
SMO 2011   04  01  06    00    15.61
SMO 2011   04  01  07    00    15.63
SMO 2011   04  01  08    00    15.27
SMO 2011   04  01  09    00    15.91
SMO 2011   04  01  10    00    15.38
SMO 2011   04  01  11    00    14.95
SMO 2011   04  01  12    00    14.78
SMO 2011   04  01  13    00    14.74
SMO 2011   04  01  14    00    14.64
SMO 2011   04  01  15    00    14.71
SMO 2011   04  01  16    00    15.50
SMO 2011   04  01  17    00    14.75
SMO 2011   04  01  18    00    14.86
SMO 2011   04  01  19    00    15.05
SMO 2011   04  01  20    00    14.69
SMO 2011   04  01  21    00    14.24
SMO 2011   04  01  22    00    14.51
SMO 2011   04  01  23    00    14.53
SMO 2011   04  02  00    00    14.94
SMO 2011   04  02  01    00    15.38
SMO 2011   04  02  02    00    14.90
SMO 2011   04  02  03    00    15.65
SMO 2011   04  02  04    00    15.54
SMO 2011   04  02  05    00    15.28
SMO 2011   04  02  06    00    15.16
SMO 2011   04  02  07    00    15.53
SMO 2011   04  02  08    00    15.58
SMO 2011   04  02  09    00    15.78
SMO 2011   04  02  10    00    14.93
SMO 2011   04  02  11    00    13.66
SMO 2011   04  02  12    00    14.17
SMO 2011   04  02  13    00    14.03
SMO 2011   04  02  14    00    16.23
SMO 2011   04  02  15    00    16.46
SMO 2011   04  02  16    00    16.82
SMO 2011   04  02  17    00    17.35
SMO 2011   04  02  18    00    17.89
SMO 2011   04  02  19    00    17.83
SMO 2011   04  02  20    00    17.61
SMO 2011   04  02  21    00    17.12
SMO 2011   04  02  22    00    16.94
SMO 2011   04  02  23    00    15.87
SMO 2011   04  03  00    00    14.75
SMO 2011   04  03  01    00    13.84
SMO 2011   04  03  02    00    12.57
SMO 2011   04  03  03    00    12.23
SMO 2011   04  03  04    00    12.69
SMO 2011   04  03  05    00    12.65
SMO 2011   04  03  06    00    12.91
SMO 2011   04  03  07    00    13.68
SMO 2011   04  03  08    00    12.22
SMO 2011   04  03  09    00    12.73
SMO 2011   04  03  10    00    12.37
SMO 2011   04  03  11    00    12.61
SMO 2011   04  03  12    00    13.15
SMO 2011   04  03  13    00    13.40
SMO 2011   04  03  14    00    12.84
SMO 2011   04  03  15    00    12.63
SMO 2011   04  03  16    00    12.94
SMO 2011   04  03  17    00    12.95
SMO 2011   04  03  18    00    13.83
SMO 2011   04  03  19    00    13.54
SMO 2011   04  03  20    00    12.66
SMO 2011   04  03  21    00    11.71
SMO 2011   04  03  22    00    11.34
SMO 2011   04  03  23    00    10.82
SMO 2011   04  04  00    00    11.02
SMO 2011   04  04  01    00    11.48
SMO 2011   04  04  02    00    10.90
SMO 2011   04  04  03    00    11.10
SMO 2011   04  04  04    00    11.23
SMO 2011   04  04  05    00    11.18
SMO 2011   04  04  06    00    10.70
SMO 2011   04  04  07    00    10.44
SMO 2011   04  04  08    00    10.60
SMO 2011   04  04  09    00    10.35
SMO 2011   04  04  10    00    10.11
SMO 2011   04  04  11    00    10.34
SMO 2011   04  04  12    00    10.46
SMO 2011   04  04  13    00    10.50
SMO 2011   04  04  14    00    10.61
SMO 2011   04  04  15    00    10.72
SMO 2011   04  04  16    00    11.14
SMO 2011   04  04  17    00    11.24
SMO 2011   04  04  18    00    11.27
SMO 2011   04  04  19    00    11.03
SMO 2011   04  04  20    00    11.09
SMO 2011   04  04  21    00    11.46
SMO 2011   04  04  22    00    11.26
SMO 2011   04  04  23    00    10.71
SMO 2011   04  05  00    00    10.49
SMO 2011   04  05  01    00    10.11
SMO 2011   04  05  02    00     9.78
SMO 2011   04  05  03    00     9.76
SMO 2011   04  05  04    00     9.43
SMO 2011   04  05  05    00     9.57
SMO 2011   04  05  06    00     9.65
SMO 2011   04  05  07    00     9.67
SMO 2011   04  05  08    00     9.89
SMO 2011   04  05  09    00    10.18
SMO 2011   04  05  10    00    10.37
SMO 2011   04  05  11    00    10.42
SMO 2011   04  05  12    00    10.53
SMO 2011   04  05  13    00    10.58
SMO 2011   04  05  14    00    10.81
SMO 2011   04  05  15    00    11.48
SMO 2011   04  05  16    00    11.60
SMO 2011   04  05  17    00    11.64
SMO 2011   04  05  18    00    11.90
SMO 2011   04  05  19    00    11.89
SMO 2011   04  05  20    00    11.67
SMO 2011   04  05  21    00    11.62
SMO 2011   04  05  22    00    11.26
SMO 2011   04  05  23    00    11.04
SMO 2011   04  06  00    00    10.82
SMO 2011   04  06  01    00    10.80
SMO 2011   04  06  02    00    10.97
SMO 2011   04  06  03    00    10.58
SMO 2011   04  06  04    00    10.15
SMO 2011   04  06  05    00     9.96
SMO 2011   04  06  06    00    10.30
SMO 2011   04  06  07    00    11.63
SMO 2011   04  06  08    00    12.09
SMO 2011   04  06  09    00    11.88
SMO 2011   04  06  10    00    11.89
SMO 2011   04  06  11    00    12.14
SMO 2011   04  06  12    00    12.47
SMO 2011   04  06  13    00    12.96
SMO 2011   04  06  14    00    12.99
SMO 2011   04  06  15    00    12.60
SMO 2011   04  06  16    00    11.89
SMO 2011   04  06  17    00    11.79
SMO 2011   04  06  18    00    11.70
SMO 2011   04  06  19    00    11.37
SMO 2011   04  06  20    00    11.38
SMO 2011   04  06  21    00    11.15
SMO 2011   04  06  22    00    11.11
SMO 2011   04  06  23    00    10.81
SMO 2011   04  07  00    00    10.38
SMO 2011   04  07  01    00    10.56
SMO 2011   04  07  02    00    10.43
SMO 2011   04  07  03    00    10.42
SMO 2011   04  07  04    00    10.24
SMO 2011   04  07  05    00    10.04
SMO 2011   04  07  06    00    10.00
SMO 2011   04  07  07    00     9.61
SMO 2011   04  07  08    00     9.80
SMO 2011   04  07  09    00     9.72
SMO 2011   04  07  10    00     9.66
SMO 2011   04  07  11    00    10.18
SMO 2011   04  07  12    00    10.76
SMO 2011   04  07  13    00    11.03
SMO 2011   04  07  14    00    11.20
SMO 2011   04  07  15    00    11.40
SMO 2011   04  07  16    00    12.48
SMO 2011   04  07  17    00    12.49
SMO 2011   04  07  18    00    14.14
SMO 2011   04  07  19    00    13.69
SMO 2011   04  07  20    00    13.04
SMO 2011   04  07  21    00    16.76
SMO 2011   04  07  22    00    19.69
SMO 2011   04  07  23    00    21.68
SMO 2011   04  08  00    00    21.61
SMO 2011   04  08  01    00    21.43
SMO 2011   04  08  02    00    21.13
SMO 2011   04  08  03    00    20.26
SMO 2011   04  08  04    00    19.18
SMO 2011   04  08  05    00    18.79
SMO 2011   04  08  06    00    17.16
SMO 2011   04  08  07    00    14.59
SMO 2011   04  08  08    00    13.36
SMO 2011   04  08  09    00    12.91
SMO 2011   04  08  10    00    12.17
SMO 2011   04  08  11    00    12.05
SMO 2011   04  08  12    00    12.46
SMO 2011   04  08  13    00    13.25
SMO 2011   04  08  14    00    15.10
SMO 2011   04  08  15    00    15.18
SMO 2011   04  08  16    00    15.77
SMO 2011   04  08  17    00    17.30
SMO 2011   04  08  18    00    17.49
SMO 2011   04  08  19    00    17.70
SMO 2011   04  08  20    00    17.24
SMO 2011   04  08  21    00    16.48
SMO 2011   04  08  22    00    16.02
SMO 2011   04  08  23    00    15.53
SMO 2011   04  09  00    00    14.93
SMO 2011   04  09  01    00    14.56
SMO 2011   04  09  02    00    14.37
SMO 2011   04  09  03    00    14.33
SMO 2011   04  09  04    00    14.15
SMO 2011   04  09  05    00    14.38
SMO 2011   04  09  06    00    14.52
SMO 2011   04  09  07    00    14.19
SMO 2011   04  09  08    00    13.75
SMO 2011   04  09  09    00    13.79
SMO 2011   04  09  10    00    13.96
SMO 2011   04  09  11    00    13.76
SMO 2011   04  09  12    00    13.50
SMO 2011   04  09  13    00    13.54
SMO 2011   04  09  14    00    13.63
SMO 2011   04  09  15    00    12.88
SMO 2011   04  09  16    00    12.43
SMO 2011   04  09  17    00    12.10
SMO 2011   04  09  18    00    11.30
SMO 2011   04  09  19    00    10.36
SMO 2011   04  09  20    00    10.10
SMO 2011   04  09  21    00     9.93
SMO 2011   04  09  22    00     9.41
SMO 2011   04  09  23    00     9.07
SMO 2011   04  10  00    00     8.74
SMO 2011   04  10  01    00     8.66
SMO 2011   04  10  02    00     8.36
SMO 2011   04  10  03    00     8.21
SMO 2011   04  10  04    00     8.29
SMO 2011   04  10  05    00     8.39
SMO 2011   04  10  06    00     8.46
SMO 2011   04  10  07    00     8.56
SMO 2011   04  10  08    00     8.69
SMO 2011   04  10  09    00     8.67
SMO 2011   04  10  10    00     8.94
SMO 2011   04  10  11    00     9.05
SMO 2011   04  10  12    00     9.26
SMO 2011   04  10  13    00     9.64
SMO 2011   04  10  14    00    10.71
SMO 2011   04  10  15    00    10.70
SMO 2011   04  10  16    00    10.82
SMO 2011   04  10  17    00    11.35
SMO 2011   04  10  18    00    11.40
SMO 2011   04  10  19    00    11.72
SMO 2011   04  10  20    00    11.96
SMO 2011   04  10  21    00    12.20
SMO 2011   04  10  22    00    11.90
SMO 2011   04  10  23    00    11.83
SMO 2011   04  11  00    00    11.79
SMO 2011   04  11  01    00    11.51
SMO 2011   04  11  02    00    11.54
SMO 2011   04  11  03    00    11.28
SMO 2011   04  11  04    00    11.37
SMO 2011   04  11  05    00    11.19
SMO 2011   04  11  06    00    11.40
SMO 2011   04  11  07    00    11.53
SMO 2011   04  11  08    00    11.54
SMO 2011   04  11  09    00    11.76
SMO 2011   04  11  10    00    12.17
SMO 2011   04  11  11    00    10.97
SMO 2011   04  11  12    00    10.63
SMO 2011   04  11  13    00    10.68
SMO 2011   04  11  14    00    10.93
SMO 2011   04  11  15    00    11.23
SMO 2011   04  11  16    00    11.92
SMO 2011   04  11  17    00    12.58
SMO 2011   04  11  18    00    12.63
SMO 2011   04  11  19    00    12.16
SMO 2011   04  11  20    00    11.79
SMO 2011   04  11  21    00    11.62
SMO 2011   04  11  22    00    11.19
SMO 2011   04  11  23    00    10.93
SMO 2011   04  12  00    00    10.41
SMO 2011   04  12  01    00    10.04
SMO 2011   04  12  02    00     9.57
SMO 2011   04  12  03    00     9.35
SMO 2011   04  12  04    00     9.22
SMO 2011   04  12  05    00     9.56
SMO 2011   04  12  06    00     9.57
SMO 2011   04  12  07    00     9.59
SMO 2011   04  12  08    00     9.55
SMO 2011   04  12  09    00     9.68
SMO 2011   04  12  10    00     9.90
SMO 2011   04  12  11    00     9.92
SMO 2011   04  12  12    00     9.96
SMO 2011   04  12  13    00     9.90
SMO 2011   04  12  14    00    10.03
SMO 2011   04  12  15    00    10.20
SMO 2011   04  12  16    00    10.23
SMO 2011   04  12  17    00    10.18
SMO 2011   04  12  18    00    10.24
SMO 2011   04  12  19    00    10.16
SMO 2011   04  12  20    00    10.19
SMO 2011   04  12  21    00    10.07
SMO 2011   04  12  22    00    10.34
SMO 2011   04  12  23    00     9.84
SMO 2011   04  13  00    00     9.55
SMO 2011   04  13  01    00     9.16
SMO 2011   04  13  02    00     8.94
SMO 2011   04  13  03    00     9.16
SMO 2011   04  13  04    00     9.15
SMO 2011   04  13  05    00     9.13
SMO 2011   04  13  06    00     9.54
SMO 2011   04  13  07    00     9.74
SMO 2011   04  13  08    00     9.52
SMO 2011   04  13  09    00     9.74
SMO 2011   04  13  10    00    10.11
SMO 2011   04  13  11    00    10.40
SMO 2011   04  13  12    00    10.51
SMO 2011   04  13  13    00    10.88
SMO 2011   04  13  14    00    11.01
SMO 2011   04  13  15    00    10.46
SMO 2011   04  13  16    00    10.50
SMO 2011   04  13  17    00    10.89
SMO 2011   04  13  18    00    10.82
SMO 2011   04  13  19    00    10.63
SMO 2011   04  13  20    00     9.90
SMO 2011   04  13  21    00    10.04
SMO 2011   04  13  22    00     9.88
SMO 2011   04  13  23    00    10.37
SMO 2011   04  14  00    00     9.79
SMO 2011   04  14  01    00     9.65
SMO 2011   04  14  02    00     9.02
SMO 2011   04  14  03    00     8.79
SMO 2011   04  14  04    00     8.88
SMO 2011   04  14  05    00     8.76
SMO 2011   04  14  06    00     8.74
SMO 2011   04  14  07    00     8.78
SMO 2011   04  14  08    00     8.15
SMO 2011   04  14  09    00     8.22
SMO 2011   04  14  10    00     7.91
SMO 2011   04  14  11    00     7.38
SMO 2011   04  14  12    00     7.36
SMO 2011   04  14  13    00     7.40
SMO 2011   04  14  14    00     7.50
SMO 2011   04  14  15    00     7.56
SMO 2011   04  14  16    00     7.48
SMO 2011   04  14  17    00     7.39
SMO 2011   04  14  18    00     7.37
SMO 2011   04  14  19    00     6.81
SMO 2011   04  14  20    00     6.86
SMO 2011   04  14  21    00     6.90
SMO 2011   04  14  22    00     6.89
SMO 2011   04  14  23    00     6.85
SMO 2011   04  15  00    00     6.62
SMO 2011   04  15  01    00     6.45
SMO 2011   04  15  02    00     6.34
SMO 2011   04  15  03    00     6.26
SMO 2011   04  15  04    00     6.88
SMO 2011   04  15  05    00     7.21
SMO 2011   04  15  06    00     7.51
SMO 2011   04  15  07    00     7.71
SMO 2011   04  15  08    00     7.79
SMO 2011   04  15  09    00     7.91
SMO 2011   04  15  10    00     8.18
SMO 2011   04  15  11    00     8.22
SMO 2011   04  15  12    00     8.55
SMO 2011   04  15  13    00     8.82
SMO 2011   04  15  14    00     8.99
SMO 2011   04  15  15    00     8.92
SMO 2011   04  15  16    00     9.69
SMO 2011   04  15  17    00    10.00
SMO 2011   04  15  18    00    10.14
SMO 2011   04  15  19    00    10.44
SMO 2011   04  15  20    00    10.42
SMO 2011   04  15  21    00    10.19
SMO 2011   04  15  22    00    10.40
SMO 2011   04  15  23    00    10.25
SMO 2011   04  16  00    00     9.85
SMO 2011   04  16  01    00     9.54
SMO 2011   04  16  02    00     9.46
SMO 2011   04  16  03    00     9.65
SMO 2011   04  16  04    00     9.77
SMO 2011   04  16  05    00     9.85
SMO 2011   04  16  06    00     9.84
SMO 2011   04  16  07    00    10.09
SMO 2011   04  16  08    00    10.12
SMO 2011   04  16  09    00    10.02
SMO 2011   04  16  10    00    10.20
SMO 2011   04  16  11    00    10.33
SMO 2011   04  16  12    00    10.35
SMO 2011   04  16  13    00    10.57
SMO 2011   04  16  14    00    10.64
SMO 2011   04  16  15    00    10.55
SMO 2011   04  16  16    00    11.04
SMO 2011   04  16  17    00    11.41
SMO 2011   04  16  18    00    11.48
SMO 2011   04  16  19    00    10.61
SMO 2011   04  16  20    00     9.54
SMO 2011   04  16  21    00     9.48
SMO 2011   04  16  22    00     9.49
SMO 2011   04  16  23    00     9.28
SMO 2011   04  17  00    00     9.37
SMO 2011   04  17  01    00     9.21
SMO 2011   04  17  02    00     8.88
SMO 2011   04  17  03    00     8.92
SMO 2011   04  17  04    00     8.56
SMO 2011   04  17  05    00     8.37
SMO 2011   04  17  06    00     8.61
SMO 2011   04  17  07    00     6.86
SMO 2011   04  17  08    00     6.93
SMO 2011   04  17  09    00     7.78
SMO 2011   04  17  10    00     8.89
SMO 2011   04  17  11    00     8.90
SMO 2011   04  17  12    00     8.71
SMO 2011   04  17  13    00     8.83
SMO 2011   04  17  14    00     9.03
SMO 2011   04  17  15    00     9.01
SMO 2011   04  17  16    00     9.02
SMO 2011   04  17  17    00     9.11
SMO 2011   04  17  18    00     9.14
SMO 2011   04  17  19    00     9.00
SMO 2011   04  17  20    00     8.93
SMO 2011   04  17  21    00     8.63
SMO 2011   04  17  22    00     8.11
SMO 2011   04  17  23    00     8.04
SMO 2011   04  18  00    00     7.78
SMO 2011   04  18  01    00     7.87
SMO 2011   04  18  02    00     7.70
SMO 2011   04  18  03    00     7.75
SMO 2011   04  18  04    00     9.31
SMO 2011   04  18  05    00     8.64
SMO 2011   04  18  06    00     9.34
SMO 2011   04  18  07    00     8.47
SMO 2011   04  18  08    00     7.75
SMO 2011   04  18  09    00     7.91
SMO 2011   04  18  10    00     7.75
SMO 2011   04  18  11    00     8.16
SMO 2011   04  18  12    00     7.39
SMO 2011   04  18  13    00     7.15
SMO 2011   04  18  14    00     7.57
SMO 2011   04  18  15    00     7.40
SMO 2011   04  18  16    00     7.28
SMO 2011   04  18  17    00     8.26
SMO 2011   04  18  18    00     7.84
SMO 2011   04  18  19    00     6.90
SMO 2011   04  18  20    00     5.75
SMO 2011   04  18  21    00     7.07
SMO 2011   04  18  22    00     7.97
SMO 2011   04  18  23    00     7.69
SMO 2011   04  19  00    00     7.90
SMO 2011   04  19  01    00     7.69
SMO 2011   04  19  02    00     7.29
SMO 2011   04  19  03    00     6.95
SMO 2011   04  19  04    00     6.70
SMO 2011   04  19  05    00     6.30
SMO 2011   04  19  06    00     6.99
SMO 2011   04  19  07    00     7.25
SMO 2011   04  19  08    00     7.24
SMO 2011   04  19  09    00     7.31
SMO 2011   04  19  10    00     7.26
SMO 2011   04  19  11    00     7.18
SMO 2011   04  19  12    00     7.27
SMO 2011   04  19  13    00     7.45
SMO 2011   04  19  14    00     7.43
SMO 2011   04  19  15    00     7.57
SMO 2011   04  19  16    00     7.98
SMO 2011   04  19  17    00     8.06
SMO 2011   04  19  18    00     7.69
SMO 2011   04  19  19    00     7.48
SMO 2011   04  19  20    00     7.26
SMO 2011   04  19  21    00     6.98
SMO 2011   04  19  22    00     6.99
SMO 2011   04  19  23    00     6.97
SMO 2011   04  20  00    00     7.36
SMO 2011   04  20  01    00     7.32
SMO 2011   04  20  02    00     6.37
SMO 2011   04  20  03    00     6.96
SMO 2011   04  20  04    00     6.80
SMO 2011   04  20  05    00     6.90
SMO 2011   04  20  06    00     6.98
SMO 2011   04  20  07    00     7.20
SMO 2011   04  20  08    00     7.24
SMO 2011   04  20  09    00     7.44
SMO 2011   04  20  10    00     7.75
SMO 2011   04  20  11    00     7.84
SMO 2011   04  20  12    00     7.95
SMO 2011   04  20  13    00     8.10
SMO 2011   04  20  14    00     8.01
SMO 2011   04  20  15    00     8.02
SMO 2011   04  20  16    00     8.35
SMO 2011   04  20  17    00     8.52
SMO 2011   04  20  18    00     8.35
SMO 2011   04  20  19    00     8.14
SMO 2011   04  20  20    00     8.68
SMO 2011   04  20  21    00     8.03
SMO 2011   04  20  22    00     8.00
SMO 2011   04  20  23    00     7.50
SMO 2011   04  21  00    00     7.29
SMO 2011   04  21  01    00     7.16
SMO 2011   04  21  02    00     6.82
SMO 2011   04  21  03    00     6.78
SMO 2011   04  21  04    00     6.91
SMO 2011   04  21  05    00     6.82
SMO 2011   04  21  06    00     6.87
SMO 2011   04  21  07    00     6.92
SMO 2011   04  21  08    00     6.93
SMO 2011   04  21  09    00     6.99
SMO 2011   04  21  10    00     6.92
SMO 2011   04  21  11    00     6.79
SMO 2011   04  21  12    00     6.81
SMO 2011   04  21  13    00     7.61
SMO 2011   04  21  14    00     7.86
SMO 2011   04  21  15    00     7.52
SMO 2011   04  21  16    00     7.83
SMO 2011   04  21  17    00     8.04
SMO 2011   04  21  18    00     7.65
SMO 2011   04  21  19    00     6.60
SMO 2011   04  21  20    00     7.50
SMO 2011   04  21  21    00     8.01
SMO 2011   04  21  22    00     8.02
SMO 2011   04  21  23    00     7.56
SMO 2011   04  22  00    00     7.56
SMO 2011   04  22  01    00     7.77
SMO 2011   04  22  02    00     7.26
SMO 2011   04  22  03    00     7.43
SMO 2011   04  22  04    00     7.28
SMO 2011   04  22  05    00     7.47
SMO 2011   04  22  06    00     6.97
SMO 2011   04  22  07    00     7.30
SMO 2011   04  22  08    00     7.72
SMO 2011   04  22  09    00     7.84
SMO 2011   04  22  10    00     7.51
SMO 2011   04  22  11    00     7.67
SMO 2011   04  22  12    00     7.74
SMO 2011   04  22  13    00     7.87
SMO 2011   04  22  14    00     7.82
SMO 2011   04  22  15    00     8.26
SMO 2011   04  22  16    00     8.48
SMO 2011   04  22  17    00     8.59
SMO 2011   04  22  18    00     8.86
SMO 2011   04  22  19    00     9.06
SMO 2011   04  22  20    00     8.39
SMO 2011   04  22  21    00     8.96
SMO 2011   04  22  22    00     8.67
SMO 2011   04  22  23    00     8.17
SMO 2011   04  23  00    00     7.80
SMO 2011   04  23  01    00     8.04
SMO 2011   04  23  02    00     7.97
SMO 2011   04  23  03    00     7.94
SMO 2011   04  23  04    00     7.81
SMO 2011   04  23  05    00     9.05
SMO 2011   04  23  06    00     8.84
SMO 2011   04  23  07    00     8.87
SMO 2011   04  23  08    00     9.06
SMO 2011   04  23  09    00     9.43
SMO 2011   04  23  10    00     9.73
SMO 2011   04  23  11    00    10.07
SMO 2011   04  23  12    00    10.23
SMO 2011   04  23  13    00    10.37
SMO 2011   04  23  14    00    10.55
SMO 2011   04  23  15    00    10.29
SMO 2011   04  23  16    00    10.32
SMO 2011   04  23  17    00    10.42
SMO 2011   04  23  18    00    10.38
SMO 2011   04  23  19    00    10.19
SMO 2011   04  23  20    00     9.90
SMO 2011   04  23  21    00     9.58
SMO 2011   04  23  22    00     9.93
SMO 2011   04  23  23    00    10.73
SMO 2011   04  24  00    00    10.37
SMO 2011   04  24  01    00     9.78
SMO 2011   04  24  02    00     9.88
SMO 2011   04  24  03    00    10.22
SMO 2011   04  24  04    00    10.27
SMO 2011   04  24  05    00    10.97
SMO 2011   04  24  06    00    11.61
SMO 2011   04  24  07    00    12.00
SMO 2011   04  24  08    00    11.53
SMO 2011   04  24  09    00    11.24
SMO 2011   04  24  10    00    11.68
SMO 2011   04  24  11    00    12.15
SMO 2011   04  24  12    00    12.24
SMO 2011   04  24  13    00    12.80
SMO 2011   04  24  14    00    12.67
SMO 2011   04  24  15    00    12.96
SMO 2011   04  24  16    00    13.23
SMO 2011   04  24  17    00    13.20
SMO 2011   04  24  18    00    13.14
SMO 2011   04  24  19    00    12.73
SMO 2011   04  24  20    00    12.74
SMO 2011   04  24  21    00    12.73
SMO 2011   04  24  22    00    12.88
SMO 2011   04  24  23    00    12.11
SMO 2011   04  25  00    00    11.70
SMO 2011   04  25  01    00    11.71
SMO 2011   04  25  02    00    11.37
SMO 2011   04  25  03    00    11.25
SMO 2011   04  25  04    00    11.11
SMO 2011   04  25  05    00    11.13
SMO 2011   04  25  06    00    11.20
SMO 2011   04  25  07    00    11.33
SMO 2011   04  25  08    00    11.30
SMO 2011   04  25  09    00    11.59
SMO 2011   04  25  10    00    11.25
SMO 2011   04  25  11    00    11.08
SMO 2011   04  25  12    00    11.13
SMO 2011   04  25  13    00    11.02
SMO 2011   04  25  14    00    11.49
SMO 2011   04  25  15    00    11.60
SMO 2011   04  25  16    00    11.75
SMO 2011   04  25  17    00    11.74
SMO 2011   04  25  18    00    11.77
SMO 2011   04  25  19    00    11.62
SMO 2011   04  25  20    00    11.16
SMO 2011   04  25  21    00    10.99
SMO 2011   04  25  22    00    10.90
SMO 2011   04  25  23    00    10.72
SMO 2011   04  26  00    00    10.16
SMO 2011   04  26  01    00     9.99
SMO 2011   04  26  02    00     9.26
SMO 2011   04  26  03    00     9.52
SMO 2011   04  26  04    00     9.51
SMO 2011   04  26  05    00     9.55
SMO 2011   04  26  06    00     9.58
SMO 2011   04  26  07    00     9.61
SMO 2011   04  26  08    00     9.25
SMO 2011   04  26  09    00     9.10
SMO 2011   04  26  10    00     9.09
SMO 2011   04  26  11    00     9.22
SMO 2011   04  26  12    00     9.00
SMO 2011   04  26  13    00     9.12
SMO 2011   04  26  14    00     9.13
SMO 2011   04  26  15    00     9.28
SMO 2011   04  26  16    00     9.48
SMO 2011   04  26  17    00     9.52
SMO 2011   04  26  18    00     9.46
SMO 2011   04  26  19    00     9.69
SMO 2011   04  26  20    00     9.47
SMO 2011   04  26  21    00     9.39
SMO 2011   04  26  22    00     9.16
SMO 2011   04  26  23    00     8.97
SMO 2011   04  27  00    00     8.62
SMO 2011   04  27  01    00     8.67
SMO 2011   04  27  02    00    13.00
SMO 2011   04  27  03    00     8.00
SMO 2011   04  27  04    00     9.79
SMO 2011   04  27  05    00     6.33
SMO 2011   04  27  06    00     7.72
SMO 2011   04  27  07    00     7.84
SMO 2011   04  27  08    00     8.64
SMO 2011   04  27  09    00     8.89
SMO 2011   04  27  10    00     8.23
SMO 2011   04  27  11    00     7.32
SMO 2011   04  27  12    00     7.05
SMO 2011   04  27  13    00     7.25
SMO 2011   04  27  14    00     7.87
SMO 2011   04  27  15    00     9.06
SMO 2011   04  27  16    00     9.10
SMO 2011   04  27  17    00     9.88
SMO 2011   04  27  18    00    10.49
SMO 2011   04  27  19    00    10.55
SMO 2011   04  27  20    00    10.57
SMO 2011   04  27  21    00    10.20
SMO 2011   04  27  22    00    10.21
SMO 2011   04  27  23    00    10.15
SMO 2011   04  28  00    00    10.18
SMO 2011   04  28  01    00    10.13
SMO 2011   04  28  02    00     9.82
SMO 2011   04  28  03    00     9.96
SMO 2011   04  28  04    00    10.13
SMO 2011   04  28  05    00    10.20
SMO 2011   04  28  06    00     9.52
SMO 2011   04  28  07    00     9.50
SMO 2011   04  28  08    00     9.30
SMO 2011   04  28  09    00     9.23
SMO 2011   04  28  10    00     9.17
SMO 2011   04  28  11    00     9.53
SMO 2011   04  28  12    00     8.85
SMO 2011   04  28  13    00     8.83
SMO 2011   04  28  14    00     8.86
SMO 2011   04  28  15    00     8.90
SMO 2011   04  28  16    00     9.38
SMO 2011   04  28  17    00     9.74
SMO 2011   04  28  18    00    10.03
SMO 2011   04  28  19    00     9.66
SMO 2011   04  28  20    00     9.69
SMO 2011   04  28  21    05     9.29
SMO 2011   04  28  21    10     9.27
SMO 2011   04  28  21    15     9.19
SMO 2011   04  28  21    20     9.18
SMO 2011   04  28  21    25     9.11
SMO 2011   04  28  21    30     9.12
SMO 2011   04  28  21    35     9.14
SMO 2011   04  28  21    40     9.16
SMO 2011   04  28  21    45     9.11
SMO 2011   04  28  21    50     9.07
SMO 2011   04  28  21    55     9.09
SMO 2011   04  28  22    00     8.96
SMO 2011   04  28  22    05     8.98
SMO 2011   04  28  22    10     9.04
SMO 2011   04  28  22    15     9.10
SMO 2011   04  28  22    20     9.08
SMO 2011   04  28  22    25     9.07
SMO 2011   04  28  22    30     8.91
SMO 2011   04  28  22    35     8.94
SMO 2011   04  28  22    40     8.80
SMO 2011   04  28  22    45     8.78
SMO 2011   04  28  22    50     8.80
SMO 2011   04  28  22    55     8.90
SMO 2011   04  29  01    00     5.61
SMO 2011   04  29  01    05     6.27
SMO 2011   04  29  01    10     6.84
SMO 2011   04  29  01    15     8.65
SMO 2011   04  29  01    20     8.97
SMO 2011   04  29  01    25     8.90
SMO 2011   04  29  01    30     8.89
SMO 2011   04  29  01    35     9.34
SMO 2011   04  29  01    40     8.66
SMO 2011   04  29  01    45     8.00
SMO 2011   04  29  01    50     8.04
SMO 2011   04  29  01    55     8.17
SMO 2011   04  29  02    00     8.12
SMO 2011   04  29  02    05     8.05
SMO 2011   04  29  02    10     7.95
SMO 2011   04  29  02    15     7.93
SMO 2011   04  29  02    20     7.93
SMO 2011   04  29  02    25     8.03
SMO 2011   04  29  02    30     8.08
SMO 2011   04  29  02    35     8.34
SMO 2011   04  29  02    40     8.28
SMO 2011   04  29  02    45     8.45
SMO 2011   04  29  02    50     8.43
SMO 2011   04  29  02    55     8.44
SMO 2011   04  29  03    00     8.42
SMO 2011   04  29  03    05     8.32
SMO 2011   04  29  03    10     8.21
SMO 2011   04  29  03    15     7.59
SMO 2011   04  29  03    20     7.81
SMO 2011   04  29  03    25     8.17
SMO 2011   04  29  03    30     8.37
SMO 2011   04  29  03    35     8.44
SMO 2011   04  29  03    40     7.86
SMO 2011   04  29  03    45     8.02
SMO 2011   04  29  03    50     8.03
SMO 2011   04  29  03    55     8.18
SMO 2011   04  29  04    00     8.17
SMO 2011   04  29  04    05     8.21
SMO 2011   04  29  04    10     8.28
SMO 2011   04  29  04    15     8.24
SMO 2011   04  29  04    20     8.29
SMO 2011   04  29  04    25     8.18
SMO 2011   04  29  04    30     8.28
SMO 2011   04  29  04    35     8.40
SMO 2011   04  29  04    40     8.32
SMO 2011   04  29  04    45     8.33
SMO 2011   04  29  04    50     8.48
SMO 2011   04  29  04    55     8.45
SMO 2011   04  29  06    00     7.44
SMO 2011   04  29  06    05     7.22
SMO 2011   04  29  06    10     7.32
SMO 2011   04  29  06    15     7.34
SMO 2011   04  29  06    20     7.55
SMO 2011   04  29  06    25     7.80
SMO 2011   04  29  06    30     7.74
SMO 2011   04  29  06    35     8.20
SMO 2011   04  29  06    40     8.08
SMO 2011   04  29  06    45     8.10
SMO 2011   04  29  06    50     8.09
SMO 2011   04  29  06    55     7.94
SMO 2011   04  29  07    00     7.93
SMO 2011   04  29  07    05     8.00
SMO 2011   04  29  07    10     8.45
SMO 2011   04  29  07    15     8.63
SMO 2011   04  29  07    20     8.43
SMO 2011   04  29  07    25     8.39
SMO 2011   04  29  07    30     8.26
SMO 2011   04  29  07    35     8.20
SMO 2011   04  29  07    40     8.31
SMO 2011   04  29  07    45     8.38
SMO 2011   04  29  07    50     8.28
SMO 2011   04  29  07    55     8.32
SMO 2011   04  29  08    00     8.24
SMO 2011   04  29  08    05     8.66
SMO 2011   04  29  08    10     8.52
SMO 2011   04  29  08    15     8.54
SMO 2011   04  29  08    20     8.65
SMO 2011   04  29  08    25     8.84
SMO 2011   04  29  08    30     8.87
SMO 2011   04  29  08    35     8.72
SMO 2011   04  29  08    40     8.49
SMO 2011   04  29  08    45     8.53
SMO 2011   04  29  08    50     8.52
SMO 2011   04  29  08    55     8.41
SMO 2011   04  29  10    00     8.21
SMO 2011   04  29  10    05     8.25
SMO 2011   04  29  10    10     8.08
SMO 2011   04  29  10    15     8.30
SMO 2011   04  29  10    20     8.40
SMO 2011   04  29  10    25     8.50
SMO 2011   04  29  10    30     8.57
SMO 2011   04  29  10    35     8.63
SMO 2011   04  29  10    40     8.50
SMO 2011   04  29  10    45     8.55
SMO 2011   04  29  10    50     8.64
SMO 2011   04  29  10    55     8.66
SMO 2011   04  29  12    00     8.89
SMO 2011   04  29  12    05     9.06
SMO 2011   04  29  12    10     9.03
SMO 2011   04  29  12    15     9.01
SMO 2011   04  29  12    20     9.14
SMO 2011   04  29  12    25     9.07
SMO 2011   04  29  12    30     8.97
SMO 2011   04  29  12    35     9.33
SMO 2011   04  29  12    40     9.19
SMO 2011   04  29  12    45     9.15
SMO 2011   04  29  12    50     9.21
SMO 2011   04  29  12    55     9.32
SMO 2011   04  29  13    00     9.28
SMO 2011   04  29  13    05     9.45
SMO 2011   04  29  13    10     9.52
SMO 2011   04  29  13    15     9.57
SMO 2011   04  29  13    20     9.50
SMO 2011   04  29  13    25     9.45
SMO 2011   04  29  13    30     9.38
SMO 2011   04  29  13    35     9.38
SMO 2011   04  29  13    40     9.13
SMO 2011   04  29  13    45     9.56
SMO 2011   04  29  13    50     9.51
SMO 2011   04  29  13    55     9.53
SMO 2011   04  29  15    00     9.45
SMO 2011   04  29  15    05     9.46
SMO 2011   04  29  15    10     9.45
SMO 2011   04  29  15    15     9.46
SMO 2011   04  29  15    20     9.40
SMO 2011   04  29  15    25     9.35
SMO 2011   04  29  15    30     9.40
SMO 2011   04  29  15    35     9.42
SMO 2011   04  29  15    40     9.49
SMO 2011   04  29  15    45     9.48
SMO 2011   04  29  15    50     9.67
SMO 2011   04  29  15    55     9.73
SMO 2011   04  29  16    00     9.85
SMO 2011   04  29  16    05     9.94
SMO 2011   04  29  16    10     9.99
SMO 2011   04  29  16    15    10.14
SMO 2011   04  29  16    20    10.11
SMO 2011   04  29  16    25    10.06
SMO 2011   04  29  16    30    10.16
SMO 2011   04  29  16    35    10.01
SMO 2011   04  29  16    40    10.04
SMO 2011   04  29  16    45    10.24
SMO 2011   04  29  16    50    10.40
SMO 2011   04  29  16    55    10.35
SMO 2011   04  29  17    00    10.50
SMO 2011   04  29  17    05    10.47
SMO 2011   04  29  17    10    10.52
SMO 2011   04  29  17    15    10.15
SMO 2011   04  29  17    20    10.64
SMO 2011   04  29  17    25    10.62
SMO 2011   04  29  17    30    10.47
SMO 2011   04  29  17    35    10.43
SMO 2011   04  29  17    40    10.46
SMO 2011   04  29  17    45    10.53
SMO 2011   04  29  17    50    10.45
SMO 2011   04  29  17    55    10.48
SMO 2011   04  29  18    00    10.48
SMO 2011   04  29  18    05    10.56
SMO 2011   04  29  18    10    10.50
SMO 2011   04  29  18    15    10.48
SMO 2011   04  29  18    20    10.45
SMO 2011   04  29  18    25    10.54
SMO 2011   04  29  18    30    10.48
SMO 2011   04  29  18    35    10.51
SMO 2011   04  29  18    40    10.62
SMO 2011   04  29  18    45    10.57
SMO 2011   04  29  18    50    13.53
SMO 2011   04  29  18    55    18.61
SMO 2011   04  29  19    00    15.55
SMO 2011   04  29  19    05    11.59
SMO 2011   04  29  19    10     9.90
SMO 2011   04  29  19    15     9.01
SMO 2011   04  29  19    20     8.43
SMO 2011   04  29  19    25     8.65
SMO 2011   04  29  19    30     8.87
SMO 2011   04  29  19    35     8.96
SMO 2011   04  29  19    40     8.82
SMO 2011   04  29  19    45     9.00
SMO 2011   04  29  19    50     9.31
SMO 2011   04  29  19    55     9.16
SMO 2011   04  29  20    00     9.46
SMO 2011   04  29  20    05     9.89
SMO 2011   04  29  20    10     9.84
SMO 2011   04  29  20    15     9.96
SMO 2011   04  29  20    20     9.96
SMO 2011   04  29  20    25    10.00
SMO 2011   04  29  20    30    10.09
SMO 2011   04  29  20    35    10.20
SMO 2011   04  29  20    40    10.13
SMO 2011   04  29  20    45    10.05
SMO 2011   04  29  20    50    10.05
SMO 2011   04  29  20    55     9.97
SMO 2011   04  29  21    00    10.20
SMO 2011   04  29  21    05    10.24
SMO 2011   04  29  21    10    10.45
SMO 2011   04  29  21    15    10.47
SMO 2011   04  29  21    20    10.34
SMO 2011   04  29  21    25    10.34
SMO 2011   04  29  21    30    10.36
SMO 2011   04  29  21    35    10.11
SMO 2011   04  29  21    40    10.25
SMO 2011   04  29  21    45    10.22
SMO 2011   04  29  21    50    10.19
SMO 2011   04  29  21    55    10.10
SMO 2011   04  29  22    00    10.10
SMO 2011   04  29  22    05    10.23
SMO 2011   04  29  22    10    10.25
SMO 2011   04  29  22    15    10.21
SMO 2011   04  29  22    20    10.00
SMO 2011   04  29  22    25    10.19
SMO 2011   04  29  22    30    10.24
SMO 2011   04  29  22    35    10.18
SMO 2011   04  29  22    40    10.18
SMO 2011   04  29  22    45    10.17
SMO 2011   04  29  22    50    10.15
SMO 2011   04  29  22    55    10.18
SMO 2011   04  29  23    00    18.05
SMO 2011   04  29  23    05    12.46
SMO 2011   04  29  23    10     8.31
SMO 2011   04  29  23    15     8.39
SMO 2011   04  29  23    20     8.63
SMO 2011   04  29  23    25     8.58
SMO 2011   04  29  23    30     9.38
SMO 2011   04  29  23    35     9.22
SMO 2011   04  29  23    40     9.72
SMO 2011   04  29  23    45    10.17
SMO 2011   04  29  23    50    10.14
SMO 2011   04  29  23    55    10.20
SMO 2011   04  30  00    00    10.73
SMO 2011   04  30  00    05    10.55
SMO 2011   04  30  00    10    10.07
SMO 2011   04  30  00    15     9.98
SMO 2011   04  30  00    20     9.89
SMO 2011   04  30  00    25    10.17
SMO 2011   04  30  00    30    10.15
SMO 2011   04  30  00    35    10.08
SMO 2011   04  30  00    40    10.07
SMO 2011   04  30  00    45     9.95
SMO 2011   04  30  00    50     9.90
SMO 2011   04  30  00    55     9.92
SMO 2011   04  30  01    00     9.84
SMO 2011   04  30  01    05     9.82
SMO 2011   04  30  01    10     9.78
SMO 2011   04  30  01    15     9.78
SMO 2011   04  30  01    20     9.73
SMO 2011   04  30  01    25     9.95
SMO 2011   04  30  01    30     9.90
SMO 2011   04  30  01    35    10.08
SMO 2011   04  30  01    40     9.98
SMO 2011   04  30  01    45    10.00
SMO 2011   04  30  01    50    10.04
SMO 2011   04  30  01    55    10.06
SMO 2011   04  30  02    00     9.97
SMO 2011   04  30  02    05     9.90
SMO 2011   04  30  02    10     9.89
SMO 2011   04  30  02    15     9.83
SMO 2011   04  30  02    20     9.85
SMO 2011   04  30  02    25     9.84
SMO 2011   04  30  02    30     9.91
SMO 2011   04  30  02    35    10.15
SMO 2011   04  30  02    40    10.15
SMO 2011   04  30  02    45    10.15
SMO 2011   04  30  02    50    10.19
SMO 2011   04  30  02    55    10.09
SMO 2011   04  30  03    00     9.95
SMO 2011   04  30  03    05     9.95
SMO 2011   04  30  03    10     9.99
SMO 2011   04  30  03    15     9.97
SMO 2011   04  30  03    20    10.06
SMO 2011   04  30  03    25    10.10
SMO 2011   04  30  03    30    10.03
SMO 2011   04  30  03    35    10.03
SMO 2011   04  30  03    40    10.11
SMO 2011   04  30  03    45    10.06
SMO 2011   04  30  03    50    10.06
SMO 2011   04  30  03    55    10.07
SMO 2011   04  30  04    00     9.96
SMO 2011   04  30  04    05     9.81
SMO 2011   04  30  04    10     9.76
SMO 2011   04  30  04    15     9.51
SMO 2011   04  30  04    20     9.86
SMO 2011   04  30  04    25    10.11
SMO 2011   04  30  04    30     9.94
SMO 2011   04  30  04    35     9.98
SMO 2011   04  30  04    40     9.91
SMO 2011   04  30  04    45    10.09
SMO 2011   04  30  04    50    10.04
SMO 2011   04  30  04    55     9.93
SMO 2011   04  30  05    00     9.85
SMO 2011   04  30  05    05    10.04
SMO 2011   04  30  05    10    10.02
SMO 2011   04  30  05    15     9.91
SMO 2011   04  30  05    20     9.96
SMO 2011   04  30  05    25    10.00
SMO 2011   04  30  05    30     9.92
SMO 2011   04  30  05    35     9.90
SMO 2011   04  30  05    40     9.97
SMO 2011   04  30  05    45     9.87
SMO 2011   04  30  05    50     9.83
SMO 2011   04  30  05    55     9.96
SMO 2011   04  30  06    00    10.08
SMO 2011   04  30  06    05    10.04
SMO 2011   04  30  06    10     9.93
SMO 2011   04  30  06    15     9.94
SMO 2011   04  30  06    20    10.04
SMO 2011   04  30  06    25     9.82
SMO 2011   04  30  06    30     9.96
SMO 2011   04  30  06    35    10.22
SMO 2011   04  30  06    40    10.21
SMO 2011   04  30  06    45    10.05
SMO 2011   04  30  06    50     9.98
SMO 2011   04  30  06    55    10.03
SMO 2011   04  30  07    00    10.09
SMO 2011   04  30  07    05    10.01
SMO 2011   04  30  07    10    10.11
SMO 2011   04  30  07    15    10.03
SMO 2011   04  30  07    20    10.07
SMO 2011   04  30  07    25    10.04
SMO 2011   04  30  07    30    10.05
SMO 2011   04  30  07    35     9.98
SMO 2011   04  30  07    40    10.00
SMO 2011   04  30  07    45    10.00
SMO 2011   04  30  07    50     9.99
SMO 2011   04  30  07    55    10.06
SMO 2011   04  30  08    00    10.08
SMO 2011   04  30  08    05     9.99
SMO 2011   04  30  08    10    10.07
SMO 2011   04  30  08    15    10.22
SMO 2011   04  30  08    20    10.12
SMO 2011   04  30  08    25    10.16
SMO 2011   04  30  08    30    10.24
SMO 2011   04  30  08    35    10.19
SMO 2011   04  30  08    40    10.22
SMO 2011   04  30  08    45    10.22
SMO 2011   04  30  08    50    10.17
SMO 2011   04  30  08    55    10.22
SMO 2011   04  30  09    00    10.24
SMO 2011   04  30  09    05    10.31
SMO 2011   04  30  09    10    10.27
SMO 2011   04  30  09    15    10.23
SMO 2011   04  30  09    20    10.37
SMO 2011   04  30  09    25    10.89
SMO 2011   04  30  09    30    10.91
SMO 2011   04  30  09    35    10.67
SMO 2011   04  30  09    40    10.37
SMO 2011   04  30  09    45    10.32
SMO 2011   04  30  09    50    10.54
SMO 2011   04  30  09    55    10.38
SMO 2011   04  30  11    00     8.27
SMO 2011   04  30  11    05     9.06
SMO 2011   04  30  11    10     9.35
SMO 2011   04  30  11    15     9.38
SMO 2011   04  30  11    20     9.60
SMO 2011   04  30  11    25     9.57
SMO 2011   04  30  11    30     9.98
SMO 2011   04  30  11    35    10.17
SMO 2011   04  30  11    40    10.19
SMO 2011   04  30  11    45    10.10
SMO 2011   04  30  11    50    10.21
SMO 2011   04  30  11    55    10.46
SMO 2011   04  30  12    00    10.55
SMO 2011   04  30  12    05    10.50
SMO 2011   04  30  12    10    10.46
SMO 2011   04  30  12    15    10.49
SMO 2011   04  30  12    20    10.44
SMO 2011   04  30  12    25    10.46
SMO 2011   04  30  12    30    10.68
SMO 2011   04  30  12    35    11.11
SMO 2011   04  30  12    40    11.21
SMO 2011   04  30  12    45    11.55
SMO 2011   04  30  12    50    11.03
SMO 2011   04  30  12    55    11.02
SMO 2011   04  30  13    00    11.04
SMO 2011   04  30  13    05    10.97
SMO 2011   04  30  13    10    11.01
SMO 2011   04  30  13    15    10.99
SMO 2011   04  30  13    20    10.85
SMO 2011   04  30  13    25    10.81
SMO 2011   04  30  13    30    10.78
SMO 2011   04  30  13    35    11.63
SMO 2011   04  30  13    40    11.53
SMO 2011   04  30  13    45    11.76
SMO 2011   04  30  13    50    11.53
SMO 2011   04  30  13    55    11.13
SMO 2011   04  30  14    00    11.15
SMO 2011   04  30  14    05    11.18
SMO 2011   04  30  14    10    11.28
SMO 2011   04  30  14    15    11.33
SMO 2011   04  30  14    20    11.61
SMO 2011   04  30  14    25    11.43
SMO 2011   04  30  14    30    11.10
SMO 2011   04  30  14    35    11.15
SMO 2011   04  30  14    40    11.10
SMO 2011   04  30  14    45    11.19
SMO 2011   04  30  14    50    11.13
SMO 2011   04  30  14    55    11.10
SMO 2011   04  30  15    00    11.21
SMO 2011   04  30  15    05    11.24
SMO 2011   04  30  15    10    11.21
SMO 2011   04  30  15    15    11.18
SMO 2011   04  30  15    20    11.28
SMO 2011   04  30  15    25    11.25
SMO 2011   04  30  15    30    11.16
SMO 2011   04  30  15    35    11.24
SMO 2011   04  30  15    40    11.32
SMO 2011   04  30  15    45    11.35
SMO 2011   04  30  15    50    11.30
SMO 2011   04  30  15    55    11.15
SMO 2011   04  30  16    00    11.22
SMO 2011   04  30  16    05    11.21
SMO 2011   04  30  16    10    11.29
SMO 2011   04  30  16    15    11.23
SMO 2011   04  30  16    20    11.22
SMO 2011   04  30  16    25    11.30
SMO 2011   04  30  16    30    11.15
SMO 2011   04  30  16    35    11.23
SMO 2011   04  30  16    40    11.19
SMO 2011   04  30  16    45    11.17
SMO 2011   04  30  16    50    11.14
SMO 2011   04  30  16    55    11.15
SMO 2011   04  30  17    00    11.20
SMO 2011   04  30  17    05    11.16
SMO 2011   04  30  17    10    11.24
SMO 2011   04  30  17    15    11.28
SMO 2011   04  30  17    20    11.24
SMO 2011   04  30  17    25    11.29
SMO 2011   04  30  17    30    11.28
SMO 2011   04  30  17    35    11.28
SMO 2011   04  30  17    40    12.09
SMO 2011   04  30  17    45    12.53
SMO 2011   04  30  17    50    12.35
SMO 2011   04  30  17    55    12.30
SMO 2011   04  30  19    00    10.05
SMO 2011   04  30  19    05    10.06
SMO 2011   04  30  19    10    10.45
SMO 2011   04  30  19    15    10.51
SMO 2011   04  30  19    20    10.16
SMO 2011   04  30  19    25    10.46
SMO 2011   04  30  19    30    10.70
SMO 2011   04  30  19    35    10.90
SMO 2011   04  30  19    40    10.73
SMO 2011   04  30  19    45    10.91
SMO 2011   04  30  19    50    11.00
SMO 2011   04  30  19    55    11.24
SMO 2011   04  30  20    00    11.60
SMO 2011   04  30  20    05    11.68
SMO 2011   04  30  20    10    11.77
SMO 2011   04  30  20    15    11.86
SMO 2011   04  30  20    20    11.77
SMO 2011   04  30  20    25    11.79
SMO 2011   04  30  20    30    11.67
SMO 2011   04  30  20    35    11.66
SMO 2011   04  30  20    40    11.68
SMO 2011   04  30  20    45    11.81
SMO 2011   04  30  20    50    11.72
SMO 2011   04  30  20    55    11.86
SMO 2011   04  30  21    00    11.61
SMO 2011   04  30  21    05    11.79
SMO 2011   04  30  21    10    11.74
SMO 2011   04  30  21    15    11.55
SMO 2011   04  30  21    20    11.85
SMO 2011   04  30  21    25    11.67
SMO 2011   04  30  21    30    11.64
SMO 2011   04  30  21    35    11.73
SMO 2011   04  30  21    40    11.74
SMO 2011   04  30  21    45    11.58
SMO 2011   04  30  21    50    11.61
SMO 2011   04  30  21    55    11.66
SMO 2011   04  30  22    00    11.37
SMO 2011   04  30  22    05    11.57
SMO 2011   04  30  22    10    11.71
SMO 2011   04  30  22    15    11.79
SMO 2011   04  30  22    20    11.51
SMO 2011   04  30  22    25    11.32
SMO 2011   04  30  22    30    11.29
SMO 2011   04  30  22    35    11.07
SMO 2011   04  30  22    40    11.11
SMO 2011   04  30  22    45    11.34
SMO 2011   04  30  22    50    11.38
SMO 2011   04  30  22    55    11.07
SMO 2011   04  30  23    00    11.31
SMO 2011   04  30  23    05    11.16
SMO 2011   04  30  23    10    11.06
SMO 2011   04  30  23    15    10.97
SMO 2011   04  30  23    20    11.22
SMO 2011   04  30  23    25    11.07
SMO 2011   04  30  23    30    10.96
SMO 2011   04  30  23    35    10.90
SMO 2011   04  30  23    40    10.92
SMO 2011   04  30  23    45    10.80
SMO 2011   04  30  23    50    10.75
SMO 2011   04  30  23    55    10.75
