These data are made available to the scientific community and public with the understanding that authors of publications 
and presentations will contact the PI to obtain up-to-date information on the latest version of the data during the early stages of their analysis. 
Manuscripts that employ these data should be reviewed by the PI before submission to ensure the quality and limitations of the data are represented.  

Data Disclaimer: Data has undergone extensive quality checks and is available from NOAA-GMD and WDCGG. 
However, there still exists the potential for these data to be modified at the discretion of NOAA/ESRL Global Monitoring Division. 

If you have questions regarding the data in this file, please contact:
Audra McClure-Begley: Audra.mcclure@noaa.gov (303-497-6823)

Please use the following citation for data use: 
McClure-Begley, A., Petropavlovskikh, I., Oltmans, S., (2014) NOAA Global Monitoring Surface Ozone Network.
 Station name, Time start-Time end. National Oceanic and Atmospheric Administration, Earth Systems Research Laboratory Global Monitoring Division. 
 Boulder, CO. DATE ACCESSED http://dx.doi.org/10.7289/V57P8WBF

STN YEAR  MON  DAY  HR  MIN  O3(PPB)
SMO 2014   11  01  00    00    13.29
SMO 2014   11  01  01    00    12.86
SMO 2014   11  01  02    00    12.62
SMO 2014   11  01  03    00    12.63
SMO 2014   11  01  04    00    12.44
SMO 2014   11  01  05    00    12.61
SMO 2014   11  01  06    00    12.67
SMO 2014   11  01  07    00    12.77
SMO 2014   11  01  08    00    12.83
SMO 2014   11  01  09    00    12.80
SMO 2014   11  01  10    00    12.96
SMO 2014   11  01  11    00    12.77
SMO 2014   11  01  12    00    12.42
SMO 2014   11  01  13    00    12.86
SMO 2014   11  01  14    00    12.78
SMO 2014   11  01  15    00    12.57
SMO 2014   11  01  16    00    13.18
SMO 2014   11  01  17    00    15.20
SMO 2014   11  01  18    00    22.10
SMO 2014   11  01  19    00    23.98
SMO 2014   11  01  20    00    23.33
SMO 2014   11  01  21    00    23.61
SMO 2014   11  01  22    00    21.64
SMO 2014   11  01  23    00    20.34
SMO 2014   11  02  00    00    21.20
SMO 2014   11  02  01    00    23.61
SMO 2014   11  02  02    00    21.17
SMO 2014   11  02  03    00    18.49
SMO 2014   11  02  04    00    20.89
SMO 2014   11  02  05    00    18.38
SMO 2014   11  02  06    00    16.82
SMO 2014   11  02  07    00    20.59
SMO 2014   11  02  08    00    20.85
SMO 2014   11  02  09    00    20.38
SMO 2014   11  02  10    00    21.55
SMO 2014   11  02  11    00    22.44
SMO 2014   11  02  12    00    22.47
SMO 2014   11  02  13    00    22.23
SMO 2014   11  02  14    00    23.64
SMO 2014   11  02  15    00    23.04
SMO 2014   11  02  16    00    22.48
SMO 2014   11  02  17    00    23.51
SMO 2014   11  02  18    00    21.52
SMO 2014   11  02  19    00    23.65
SMO 2014   11  02  20    00    22.53
SMO 2014   11  02  21    00    24.95
SMO 2014   11  02  22    00    24.85
SMO 2014   11  02  23    00    23.27
SMO 2014   11  03  00    00    21.96
SMO 2014   11  03  01    00    21.09
SMO 2014   11  03  02    00    20.02
SMO 2014   11  03  03    00    22.03
SMO 2014   11  03  04    00    24.44
SMO 2014   11  03  05    00    24.80
SMO 2014   11  03  06    00    22.27
SMO 2014   11  03  07    00    20.52
SMO 2014   11  03  08    00    20.19
SMO 2014   11  03  09    00    21.30
SMO 2014   11  03  10    00    21.50
SMO 2014   11  03  11    00    20.31
SMO 2014   11  03  12    00    19.73
SMO 2014   11  03  13    00    21.87
SMO 2014   11  03  14    00    22.73
SMO 2014   11  03  15    00    21.39
SMO 2014   11  03  16    00    25.05
SMO 2014   11  03  17    00    27.12
SMO 2014   11  03  18    00    26.70
SMO 2014   11  03  19    00    26.71
SMO 2014   11  03  20    00    26.73
SMO 2014   11  03  21    00    26.13
SMO 2014   11  03  22    40    26.41
SMO 2014   11  03  22    45    25.11
SMO 2014   11  03  22    50    25.67
SMO 2014   11  03  22    55    24.84
SMO 2014   11  03  23    00    25.93
SMO 2014   11  03  23    05    25.19
SMO 2014   11  03  23    10    24.75
SMO 2014   11  03  23    15    24.90
SMO 2014   11  03  23    20    25.08
SMO 2014   11  03  23    25    24.00
SMO 2014   11  03  23    30    24.89
SMO 2014   11  03  23    35    24.20
SMO 2014   11  03  23    40    24.39
SMO 2014   11  03  23    45    22.94
SMO 2014   11  03  23    50    23.19
SMO 2014   11  03  23    55    23.03
SMO 2014   11  04  00    00    21.78
SMO 2014   11  04  00    05    22.47
SMO 2014   11  04  00    10    22.11
SMO 2014   11  04  00    15    23.60
SMO 2014   11  04  00    20    22.37
SMO 2014   11  04  00    25    22.94
SMO 2014   11  04  00    30    22.67
SMO 2014   11  04  00    35    22.35
SMO 2014   11  04  00    40    22.35
SMO 2014   11  04  00    45    23.78
SMO 2014   11  04  00    50    22.00
SMO 2014   11  04  00    55    23.41
SMO 2014   11  04  01    00    22.73
SMO 2014   11  04  01    05    23.06
SMO 2014   11  04  01    10    23.40
SMO 2014   11  04  01    15    22.09
SMO 2014   11  04  01    20    23.17
SMO 2014   11  04  01    25    22.47
SMO 2014   11  04  01    30    22.42
SMO 2014   11  04  01    35    22.10
SMO 2014   11  04  01    40    22.82
SMO 2014   11  04  01    45    22.83
SMO 2014   11  04  01    50    22.37
SMO 2014   11  04  01    55    22.83
SMO 2014   11  04  02    00    22.71
SMO 2014   11  04  02    05    23.53
SMO 2014   11  04  02    10    22.49
SMO 2014   11  04  02    15    23.14
SMO 2014   11  04  02    20    22.95
SMO 2014   11  04  02    25    22.64
SMO 2014   11  04  02    30    23.02
SMO 2014   11  04  02    35    22.75
SMO 2014   11  04  02    40    22.90
SMO 2014   11  04  02    45    22.32
SMO 2014   11  04  02    50    22.32
SMO 2014   11  04  02    55    21.93
SMO 2014   11  04  03    00    22.34
SMO 2014   11  04  03    05    21.69
SMO 2014   11  04  03    10    22.14
SMO 2014   11  04  03    15    21.82
SMO 2014   11  04  03    20    22.24
SMO 2014   11  04  03    25    22.25
SMO 2014   11  04  03    30    22.90
SMO 2014   11  04  03    35    22.12
SMO 2014   11  04  03    40    22.49
SMO 2014   11  04  03    45    22.40
SMO 2014   11  04  03    50    22.56
SMO 2014   11  04  03    55    22.05
SMO 2014   11  04  04    00    22.40
SMO 2014   11  04  04    05    22.83
SMO 2014   11  04  04    10    22.94
SMO 2014   11  04  04    15    22.35
SMO 2014   11  04  04    20    22.68
SMO 2014   11  04  04    25    21.81
SMO 2014   11  04  04    30    22.10
SMO 2014   11  04  04    35    22.52
SMO 2014   11  04  04    40    22.26
SMO 2014   11  04  04    45    22.33
SMO 2014   11  04  04    50    21.96
SMO 2014   11  04  04    55    22.92
SMO 2014   11  04  05    00    21.37
SMO 2014   11  04  05    05    22.03
SMO 2014   11  04  05    10    21.29
SMO 2014   11  04  05    15    20.95
SMO 2014   11  04  05    20    21.36
SMO 2014   11  04  05    25    20.75
SMO 2014   11  04  05    30    21.60
SMO 2014   11  04  05    35    21.44
SMO 2014   11  04  05    40    21.80
SMO 2014   11  04  05    45    21.22
SMO 2014   11  04  05    50    21.40
SMO 2014   11  04  05    55    22.33
SMO 2014   11  04  06    00    21.53
SMO 2014   11  04  06    05    21.78
SMO 2014   11  04  06    10    21.78
SMO 2014   11  04  06    15    22.05
SMO 2014   11  04  06    20    22.32
SMO 2014   11  04  06    25    22.24
SMO 2014   11  04  06    30    23.07
SMO 2014   11  04  06    35    21.46
SMO 2014   11  04  06    40    22.30
SMO 2014   11  04  06    45    21.83
SMO 2014   11  04  06    50    20.82
SMO 2014   11  04  06    55    22.23
SMO 2014   11  04  07    00    20.90
SMO 2014   11  04  07    05    22.06
SMO 2014   11  04  07    10    22.59
SMO 2014   11  04  07    15    22.74
SMO 2014   11  04  07    20    22.54
SMO 2014   11  04  07    25    21.50
SMO 2014   11  04  07    30    22.33
SMO 2014   11  04  07    35    21.87
SMO 2014   11  04  07    40    22.48
SMO 2014   11  04  07    45    21.97
SMO 2014   11  04  07    50    22.34
SMO 2014   11  04  07    55    23.37
SMO 2014   11  04  08    00    22.39
SMO 2014   11  04  08    05    22.78
SMO 2014   11  04  08    10    21.38
SMO 2014   11  04  08    15    22.43
SMO 2014   11  04  08    20    22.21
SMO 2014   11  04  08    25    21.99
SMO 2014   11  04  08    30    22.38
SMO 2014   11  04  08    35    22.00
SMO 2014   11  04  08    40    23.47
SMO 2014   11  04  08    45    22.82
SMO 2014   11  04  08    50    21.88
SMO 2014   11  04  08    55    23.00
SMO 2014   11  04  09    00    23.75
SMO 2014   11  04  09    05    23.28
SMO 2014   11  04  09    10    21.81
SMO 2014   11  04  09    15    22.23
SMO 2014   11  04  09    20    22.98
SMO 2014   11  04  09    25    23.18
SMO 2014   11  04  09    30    22.29
SMO 2014   11  04  09    35    22.58
SMO 2014   11  04  09    40    24.25
SMO 2014   11  04  09    45    23.52
SMO 2014   11  04  09    50    22.03
SMO 2014   11  04  09    55    23.42
SMO 2014   11  04  10    00    24.03
SMO 2014   11  04  10    05    23.10
SMO 2014   11  04  10    10    23.02
SMO 2014   11  04  10    15    22.56
SMO 2014   11  04  10    20    25.79
SMO 2014   11  04  10    25    24.02
SMO 2014   11  04  10    30    24.14
SMO 2014   11  04  10    35    24.50
SMO 2014   11  04  10    40    23.62
SMO 2014   11  04  10    45    25.22
SMO 2014   11  04  10    50    22.63
SMO 2014   11  04  10    55    23.41
SMO 2014   11  04  11    00    22.71
SMO 2014   11  04  11    05    21.07
SMO 2014   11  04  11    10    22.21
SMO 2014   11  04  11    15    21.90
SMO 2014   11  04  11    20    23.07
SMO 2014   11  04  11    25    22.33
SMO 2014   11  04  11    30    23.11
SMO 2014   11  04  11    35    22.49
SMO 2014   11  04  11    40    24.17
SMO 2014   11  04  11    45    23.92
SMO 2014   11  04  11    50    24.28
SMO 2014   11  04  11    55    23.75
SMO 2014   11  04  12    00    23.60
SMO 2014   11  04  12    05    24.67
SMO 2014   11  04  12    10    24.16
SMO 2014   11  04  12    15    25.26
SMO 2014   11  04  12    20    25.73
SMO 2014   11  04  12    25    24.35
SMO 2014   11  04  12    30    23.72
SMO 2014   11  04  12    35    23.18
SMO 2014   11  04  12    40    24.73
SMO 2014   11  04  12    45    23.02
SMO 2014   11  04  12    50    24.33
SMO 2014   11  04  12    55    24.47
SMO 2014   11  04  13    00    23.91
SMO 2014   11  04  13    05    24.27
SMO 2014   11  04  13    10    23.74
SMO 2014   11  04  13    15    24.57
SMO 2014   11  04  13    20    24.29
SMO 2014   11  04  13    25    23.78
SMO 2014   11  04  13    30    24.04
SMO 2014   11  04  13    35    24.00
SMO 2014   11  04  13    40    23.62
SMO 2014   11  04  13    45    23.66
SMO 2014   11  04  13    50    24.53
SMO 2014   11  04  13    55    24.48
SMO 2014   11  04  14    00    23.40
SMO 2014   11  04  14    05    24.78
SMO 2014   11  04  14    10    24.39
SMO 2014   11  04  14    15    25.10
SMO 2014   11  04  14    20    23.80
SMO 2014   11  04  14    25    23.70
SMO 2014   11  04  14    30    24.63
SMO 2014   11  04  14    35    24.83
SMO 2014   11  04  14    40    26.01
SMO 2014   11  04  14    45    24.29
SMO 2014   11  04  14    50    24.42
SMO 2014   11  04  14    55    24.85
SMO 2014   11  04  15    00    24.57
SMO 2014   11  04  15    05    24.49
SMO 2014   11  04  15    10    24.45
SMO 2014   11  04  15    15    25.27
SMO 2014   11  04  15    20    24.40
SMO 2014   11  04  15    25    24.99
SMO 2014   11  04  15    30    24.72
SMO 2014   11  04  15    35    24.44
SMO 2014   11  04  15    40    25.39
SMO 2014   11  04  15    45    24.30
SMO 2014   11  04  15    50    24.88
SMO 2014   11  04  15    55    23.89
SMO 2014   11  04  16    00    25.45
SMO 2014   11  04  16    05    24.65
SMO 2014   11  04  16    10    24.80
SMO 2014   11  04  16    15    25.43
SMO 2014   11  04  16    20    23.33
SMO 2014   11  04  16    25    24.47
SMO 2014   11  04  16    30    24.62
SMO 2014   11  04  16    35    24.77
SMO 2014   11  04  16    40    25.04
SMO 2014   11  04  16    45    24.27
SMO 2014   11  04  16    50    25.19
SMO 2014   11  04  16    55    23.97
SMO 2014   11  04  17    00    25.30
SMO 2014   11  04  17    05    24.28
SMO 2014   11  04  17    10    25.72
SMO 2014   11  04  17    15    24.78
SMO 2014   11  04  17    20    25.36
SMO 2014   11  04  17    25    24.95
SMO 2014   11  04  17    30    24.55
SMO 2014   11  04  17    35    25.69
SMO 2014   11  04  17    40    24.20
SMO 2014   11  04  17    45    24.20
SMO 2014   11  04  17    50    24.60
SMO 2014   11  04  17    55    24.65
SMO 2014   11  04  18    00    24.76
SMO 2014   11  04  18    05    24.52
SMO 2014   11  04  18    10    25.67
SMO 2014   11  04  18    15    25.00
SMO 2014   11  04  18    20    25.68
SMO 2014   11  04  18    25    24.06
SMO 2014   11  04  18    30    26.16
SMO 2014   11  04  18    35    26.20
SMO 2014   11  04  18    40    26.16
SMO 2014   11  04  18    45    25.33
SMO 2014   11  04  18    50    25.72
SMO 2014   11  04  18    55    26.15
SMO 2014   11  04  19    00    27.00
SMO 2014   11  04  19    05    26.28
SMO 2014   11  04  19    10    26.06
SMO 2014   11  04  19    15    26.32
SMO 2014   11  04  19    20    27.16
SMO 2014   11  04  19    25    26.52
SMO 2014   11  04  19    30    25.28
SMO 2014   11  04  19    35    26.97
SMO 2014   11  04  19    40    26.90
SMO 2014   11  04  19    45    26.07
SMO 2014   11  04  19    50    26.07
SMO 2014   11  04  19    55    26.22
SMO 2014   11  04  20    00    26.47
SMO 2014   11  04  20    05    26.03
SMO 2014   11  04  20    10    25.99
SMO 2014   11  04  20    15    26.01
SMO 2014   11  04  20    20    25.98
SMO 2014   11  04  20    25    25.60
SMO 2014   11  04  20    30    26.14
SMO 2014   11  04  20    35    25.36
SMO 2014   11  04  20    40    25.19
SMO 2014   11  04  20    45    25.02
SMO 2014   11  04  20    50    25.12
SMO 2014   11  04  20    55    25.29
SMO 2014   11  04  21    00    25.20
SMO 2014   11  04  21    05    25.09
SMO 2014   11  04  21    10    24.62
SMO 2014   11  04  21    15    25.00
SMO 2014   11  04  21    20    25.40
SMO 2014   11  04  21    25    25.25
SMO 2014   11  04  21    30    24.15
SMO 2014   11  04  21    35    24.85
SMO 2014   11  04  21    40    24.76
SMO 2014   11  04  21    45    24.40
SMO 2014   11  04  21    50    23.98
SMO 2014   11  04  21    55    24.24
SMO 2014   11  04  22    00    24.55
SMO 2014   11  04  22    05    24.08
SMO 2014   11  04  22    10    24.77
SMO 2014   11  04  22    15    23.93
SMO 2014   11  04  22    20    24.18
SMO 2014   11  04  22    25    24.02
SMO 2014   11  04  22    30    23.52
SMO 2014   11  04  22    35    23.76
SMO 2014   11  04  22    40    24.37
SMO 2014   11  04  22    45    23.75
SMO 2014   11  04  22    50    23.04
SMO 2014   11  04  22    55    24.33
SMO 2014   11  04  23    00    23.64
SMO 2014   11  04  23    05    23.87
SMO 2014   11  04  23    10    23.68
SMO 2014   11  04  23    15    24.35
SMO 2014   11  04  23    20    23.45
SMO 2014   11  04  23    25    23.01
SMO 2014   11  04  23    30    24.29
SMO 2014   11  04  23    35    23.59
SMO 2014   11  04  23    40    22.85
SMO 2014   11  04  23    45    23.32
SMO 2014   11  04  23    50    22.53
SMO 2014   11  04  23    55    22.58
SMO 2014   11  05  00    00    23.61
SMO 2014   11  05  00    05    22.82
SMO 2014   11  05  00    10    23.75
SMO 2014   11  05  00    15    22.79
SMO 2014   11  05  00    20    23.39
SMO 2014   11  05  00    25    22.60
SMO 2014   11  05  00    30    22.39
SMO 2014   11  05  00    35    22.53
SMO 2014   11  05  00    40    21.85
SMO 2014   11  05  00    45    22.31
SMO 2014   11  05  00    50    22.13
SMO 2014   11  05  00    55    21.78
SMO 2014   11  05  01    00    21.97
SMO 2014   11  05  01    05    22.61
SMO 2014   11  05  01    10    21.77
SMO 2014   11  05  01    15    21.99
SMO 2014   11  05  01    20    22.10
SMO 2014   11  05  01    25    22.53
SMO 2014   11  05  01    30    22.50
SMO 2014   11  05  01    35    22.92
SMO 2014   11  05  01    40    22.34
SMO 2014   11  05  01    45    22.37
SMO 2014   11  05  01    50    22.19
SMO 2014   11  05  01    55    23.11
SMO 2014   11  05  02    00    21.81
SMO 2014   11  05  02    05    22.80
SMO 2014   11  05  02    10    21.95
SMO 2014   11  05  02    15    22.38
SMO 2014   11  05  02    20    21.68
SMO 2014   11  05  02    25    22.35
SMO 2014   11  05  02    30    21.73
SMO 2014   11  05  02    35    22.13
SMO 2014   11  05  02    40    21.67
SMO 2014   11  05  02    45    22.05
SMO 2014   11  05  02    50    21.87
SMO 2014   11  05  02    55    21.96
SMO 2014   11  05  03    00    22.20
SMO 2014   11  05  03    05    22.74
SMO 2014   11  05  03    10    22.20
SMO 2014   11  05  03    15    22.96
SMO 2014   11  05  03    20    21.86
SMO 2014   11  05  03    25    22.25
SMO 2014   11  05  03    30    22.38
SMO 2014   11  05  03    35    22.17
SMO 2014   11  05  03    40    22.88
SMO 2014   11  05  03    45    22.97
SMO 2014   11  05  03    50    22.06
SMO 2014   11  05  03    55    23.21
SMO 2014   11  05  04    00    23.23
SMO 2014   11  05  04    05    22.82
SMO 2014   11  05  04    10    22.84
SMO 2014   11  05  04    15    23.24
SMO 2014   11  05  04    20    23.50
SMO 2014   11  05  04    25    23.05
SMO 2014   11  05  04    30    23.19
SMO 2014   11  05  04    35    23.11
SMO 2014   11  05  04    40    23.18
SMO 2014   11  05  04    45    22.78
SMO 2014   11  05  04    50    22.43
SMO 2014   11  05  04    55    23.56
SMO 2014   11  05  05    00    22.56
SMO 2014   11  05  05    05    23.06
SMO 2014   11  05  05    10    23.01
SMO 2014   11  05  05    15    22.86
SMO 2014   11  05  05    20    23.76
SMO 2014   11  05  05    25    21.67
SMO 2014   11  05  05    30    23.16
SMO 2014   11  05  05    35    22.71
SMO 2014   11  05  05    40    22.28
SMO 2014   11  05  05    45    22.20
SMO 2014   11  05  05    50    23.06
SMO 2014   11  05  05    55    22.67
SMO 2014   11  05  06    00    24.12
SMO 2014   11  05  06    05    22.55
SMO 2014   11  05  06    10    22.62
SMO 2014   11  05  06    15    23.95
SMO 2014   11  05  06    20    23.14
SMO 2014   11  05  06    25    23.44
SMO 2014   11  05  06    30    23.37
SMO 2014   11  05  06    35    24.32
SMO 2014   11  05  06    40    23.68
SMO 2014   11  05  06    45    23.01
SMO 2014   11  05  06    50    22.58
SMO 2014   11  05  06    55    24.00
SMO 2014   11  05  07    00    23.71
SMO 2014   11  05  07    05    24.55
SMO 2014   11  05  07    10    24.53
SMO 2014   11  05  07    15    24.25
SMO 2014   11  05  07    20    24.44
SMO 2014   11  05  07    25    25.22
SMO 2014   11  05  07    30    25.63
SMO 2014   11  05  07    35    25.81
SMO 2014   11  05  07    40    26.88
SMO 2014   11  05  07    45    27.90
SMO 2014   11  05  07    50    27.48
SMO 2014   11  05  07    55    27.59
SMO 2014   11  05  08    00    28.32
SMO 2014   11  05  08    05    28.37
SMO 2014   11  05  08    10    28.58
SMO 2014   11  05  08    15    27.94
SMO 2014   11  05  08    20    28.08
SMO 2014   11  05  08    25    29.12
SMO 2014   11  05  08    30    29.11
SMO 2014   11  05  08    35    28.70
SMO 2014   11  05  08    40    28.68
SMO 2014   11  05  08    45    28.63
SMO 2014   11  05  08    50    28.44
SMO 2014   11  05  08    55    28.87
SMO 2014   11  05  09    00    28.39
SMO 2014   11  05  09    05    27.97
SMO 2014   11  05  09    10    27.57
SMO 2014   11  05  09    15    27.34
SMO 2014   11  05  09    20    27.91
SMO 2014   11  05  09    25    27.77
SMO 2014   11  05  09    30    27.13
SMO 2014   11  05  09    35    26.88
SMO 2014   11  05  09    40    27.76
SMO 2014   11  05  09    45    27.35
SMO 2014   11  05  09    50    26.84
SMO 2014   11  05  09    55    27.05
SMO 2014   11  05  10    00    27.19
SMO 2014   11  05  10    05    27.29
SMO 2014   11  05  10    10    26.38
SMO 2014   11  05  10    15    26.17
SMO 2014   11  05  10    20    25.85
SMO 2014   11  05  10    25    25.32
SMO 2014   11  05  10    30    25.90
SMO 2014   11  05  10    35    25.19
SMO 2014   11  05  10    40    25.28
SMO 2014   11  05  10    45    24.77
SMO 2014   11  05  10    50    25.64
SMO 2014   11  05  10    55    25.18
SMO 2014   11  05  11    00    25.87
SMO 2014   11  05  11    05    27.46
SMO 2014   11  05  11    10    26.53
SMO 2014   11  05  11    15    27.30
SMO 2014   11  05  11    20    26.94
SMO 2014   11  05  11    25    26.86
SMO 2014   11  05  11    30    25.94
SMO 2014   11  05  11    35    28.30
SMO 2014   11  05  11    40    27.05
SMO 2014   11  05  11    45    25.93
SMO 2014   11  05  11    50    27.17
SMO 2014   11  05  11    55    27.02
SMO 2014   11  05  12    00    26.51
SMO 2014   11  05  12    05    26.69
SMO 2014   11  05  12    10    26.69
SMO 2014   11  05  12    15    27.22
SMO 2014   11  05  12    20    27.27
SMO 2014   11  05  12    25    26.33
SMO 2014   11  05  12    30    26.08
SMO 2014   11  05  12    35    24.84
SMO 2014   11  05  12    40    26.08
SMO 2014   11  05  12    45    26.29
SMO 2014   11  05  12    50    26.49
SMO 2014   11  05  12    55    26.81
SMO 2014   11  05  13    00    25.63
SMO 2014   11  05  13    05    26.22
SMO 2014   11  05  13    10    25.08
SMO 2014   11  05  13    15    25.63
SMO 2014   11  05  13    20    25.23
SMO 2014   11  05  13    25    25.33
SMO 2014   11  05  13    30    24.83
SMO 2014   11  05  13    35    25.54
SMO 2014   11  05  13    40    25.50
SMO 2014   11  05  13    45    25.41
SMO 2014   11  05  13    50    25.25
SMO 2014   11  05  13    55    24.94
SMO 2014   11  05  14    00    25.21
SMO 2014   11  05  14    05    24.87
SMO 2014   11  05  14    10    24.38
SMO 2014   11  05  14    15    24.13
SMO 2014   11  05  14    20    24.02
SMO 2014   11  05  14    25    23.86
SMO 2014   11  05  14    30    24.22
SMO 2014   11  05  14    35    23.88
SMO 2014   11  05  14    40    24.14
SMO 2014   11  05  14    45    23.45
SMO 2014   11  05  14    50    23.72
SMO 2014   11  05  14    55    24.31
SMO 2014   11  05  15    00    24.05
SMO 2014   11  05  15    05    24.45
SMO 2014   11  05  15    10    24.59
SMO 2014   11  05  15    15    23.73
SMO 2014   11  05  15    20    24.85
SMO 2014   11  05  15    25    23.99
SMO 2014   11  05  15    30    24.05
SMO 2014   11  05  15    35    23.66
SMO 2014   11  05  15    40    23.99
SMO 2014   11  05  15    45    24.28
SMO 2014   11  05  15    50    23.88
SMO 2014   11  05  15    55    24.15
SMO 2014   11  05  16    00    23.95
SMO 2014   11  05  16    05    23.77
SMO 2014   11  05  16    10    23.91
SMO 2014   11  05  16    15    23.95
SMO 2014   11  05  16    20    24.02
SMO 2014   11  05  16    25    24.50
SMO 2014   11  05  16    30    23.80
SMO 2014   11  05  16    35    24.35
SMO 2014   11  05  16    40    25.17
SMO 2014   11  05  16    45    23.87
SMO 2014   11  05  16    50    25.21
SMO 2014   11  05  16    55    25.04
SMO 2014   11  05  17    00    25.18
SMO 2014   11  05  17    05    25.89
SMO 2014   11  05  17    10    25.23
SMO 2014   11  05  17    15    24.84
SMO 2014   11  05  17    20    25.99
SMO 2014   11  05  17    25    25.10
SMO 2014   11  05  17    30    25.64
SMO 2014   11  05  17    35    25.21
SMO 2014   11  05  17    40    25.63
SMO 2014   11  05  17    45    25.35
SMO 2014   11  05  17    50    25.51
SMO 2014   11  05  17    55    25.03
SMO 2014   11  05  18    00    25.67
SMO 2014   11  05  18    05    25.38
SMO 2014   11  05  18    10    25.70
SMO 2014   11  05  18    15    25.10
SMO 2014   11  05  18    20    25.60
SMO 2014   11  05  18    25    26.30
SMO 2014   11  05  18    30    25.74
SMO 2014   11  05  18    35    26.21
SMO 2014   11  05  18    40    26.44
SMO 2014   11  05  18    45    26.52
SMO 2014   11  05  18    50    25.78
SMO 2014   11  05  18    55    26.46
SMO 2014   11  05  19    00    26.69
SMO 2014   11  05  19    05    27.34
SMO 2014   11  05  19    10    26.04
SMO 2014   11  05  19    15    26.58
SMO 2014   11  05  19    20    26.57
SMO 2014   11  05  19    25    26.31
SMO 2014   11  05  19    30    26.26
SMO 2014   11  05  19    35    26.73
SMO 2014   11  05  19    40    26.59
SMO 2014   11  05  19    45    26.99
SMO 2014   11  05  19    50    27.16
SMO 2014   11  05  19    55    27.54
SMO 2014   11  05  20    00    27.65
SMO 2014   11  05  20    05    26.44
SMO 2014   11  05  20    10    27.11
SMO 2014   11  05  20    15    26.44
SMO 2014   11  05  20    20    26.22
SMO 2014   11  05  20    25    25.88
SMO 2014   11  05  20    30    26.58
SMO 2014   11  05  20    35    26.64
SMO 2014   11  05  20    40    26.26
SMO 2014   11  05  20    45    26.87
SMO 2014   11  05  20    50    28.04
SMO 2014   11  05  20    55    27.69
SMO 2014   11  05  21    00    27.51
SMO 2014   11  05  21    05    27.11
SMO 2014   11  05  21    10    26.81
SMO 2014   11  05  21    15    25.65
SMO 2014   11  05  21    20    26.27
SMO 2014   11  05  21    25    27.42
SMO 2014   11  05  21    30    27.32
SMO 2014   11  05  21    35    26.47
SMO 2014   11  05  21    40    26.63
SMO 2014   11  05  21    45    26.94
SMO 2014   11  05  21    50    26.03
SMO 2014   11  05  21    55    26.45
SMO 2014   11  05  22    00    26.41
SMO 2014   11  05  22    05    25.98
SMO 2014   11  05  22    10    26.58
SMO 2014   11  05  22    15    27.50
SMO 2014   11  05  22    20    26.99
SMO 2014   11  05  22    25    27.57
SMO 2014   11  05  22    30    26.88
SMO 2014   11  05  22    35    27.24
SMO 2014   11  05  22    40    26.97
SMO 2014   11  05  22    45    27.14
SMO 2014   11  05  22    50    26.45
SMO 2014   11  05  22    55    26.21
SMO 2014   11  05  23    00    26.75
SMO 2014   11  05  23    05    26.52
SMO 2014   11  05  23    10    25.99
SMO 2014   11  05  23    15    26.83
SMO 2014   11  05  23    20    26.49
SMO 2014   11  05  23    25    26.44
SMO 2014   11  05  23    30    25.19
SMO 2014   11  05  23    35    26.51
SMO 2014   11  05  23    40    26.61
SMO 2014   11  05  23    45    25.96
SMO 2014   11  05  23    50    25.91
SMO 2014   11  05  23    55    25.93
SMO 2014   11  06  00    00    26.45
SMO 2014   11  06  00    05    26.04
SMO 2014   11  06  00    10    25.30
SMO 2014   11  06  00    15    25.22
SMO 2014   11  06  00    20    25.43
SMO 2014   11  06  00    25    26.12
SMO 2014   11  06  00    30    25.48
SMO 2014   11  06  00    35    25.58
SMO 2014   11  06  00    40    25.18
SMO 2014   11  06  00    45    25.25
SMO 2014   11  06  00    50    24.51
SMO 2014   11  06  00    55    25.39
SMO 2014   11  06  01    00    25.41
SMO 2014   11  06  01    05    25.75
SMO 2014   11  06  01    10    25.16
SMO 2014   11  06  01    15    24.99
SMO 2014   11  06  01    20    25.19
SMO 2014   11  06  01    25    24.76
SMO 2014   11  06  01    30    25.47
SMO 2014   11  06  01    35    24.86
SMO 2014   11  06  01    40    25.24
SMO 2014   11  06  01    45    24.66
SMO 2014   11  06  01    50    24.37
SMO 2014   11  06  01    55    25.08
SMO 2014   11  06  02    00    25.59
SMO 2014   11  06  02    05    25.05
SMO 2014   11  06  02    10    24.70
SMO 2014   11  06  02    15    24.12
SMO 2014   11  06  02    20    23.64
SMO 2014   11  06  02    25    24.34
SMO 2014   11  06  02    30    24.35
SMO 2014   11  06  02    35    24.44
SMO 2014   11  06  02    40    24.27
SMO 2014   11  06  02    45    24.11
SMO 2014   11  06  02    50    24.04
SMO 2014   11  06  02    55    24.16
SMO 2014   11  06  03    00    24.70
SMO 2014   11  06  03    05    23.89
SMO 2014   11  06  03    10    24.28
SMO 2014   11  06  03    15    24.23
SMO 2014   11  06  03    20    24.72
SMO 2014   11  06  03    25    24.65
SMO 2014   11  06  03    30    24.29
SMO 2014   11  06  03    35    24.68
SMO 2014   11  06  03    40    24.36
SMO 2014   11  06  03    45    24.44
SMO 2014   11  06  03    50    24.13
SMO 2014   11  06  03    55    24.32
SMO 2014   11  06  04    00    24.48
SMO 2014   11  06  04    05    24.74
SMO 2014   11  06  04    10    24.31
SMO 2014   11  06  04    15    24.98
SMO 2014   11  06  04    20    24.33
SMO 2014   11  06  04    25    24.57
SMO 2014   11  06  04    30    24.79
SMO 2014   11  06  04    35    24.44
SMO 2014   11  06  04    40    24.83
SMO 2014   11  06  04    45    24.49
SMO 2014   11  06  04    50    24.90
SMO 2014   11  06  04    55    24.73
SMO 2014   11  06  05    00    24.61
SMO 2014   11  06  05    05    24.70
SMO 2014   11  06  05    10    24.63
SMO 2014   11  06  05    15    24.92
SMO 2014   11  06  05    20    24.28
SMO 2014   11  06  05    25    24.67
SMO 2014   11  06  05    30    24.48
SMO 2014   11  06  05    35    24.58
SMO 2014   11  06  05    40    24.09
SMO 2014   11  06  05    45    24.25
SMO 2014   11  06  05    50    24.12
SMO 2014   11  06  05    55    24.81
SMO 2014   11  06  06    00    25.26
SMO 2014   11  06  06    05    24.50
SMO 2014   11  06  06    10    24.90
SMO 2014   11  06  06    15    24.29
SMO 2014   11  06  06    20    25.16
SMO 2014   11  06  06    25    24.58
SMO 2014   11  06  06    30    25.36
SMO 2014   11  06  06    35    24.96
SMO 2014   11  06  06    40    24.54
SMO 2014   11  06  06    45    24.00
SMO 2014   11  06  06    50    24.53
SMO 2014   11  06  06    55    24.52
SMO 2014   11  06  07    00    24.83
SMO 2014   11  06  07    05    25.47
SMO 2014   11  06  07    10    24.60
SMO 2014   11  06  07    15    24.62
SMO 2014   11  06  07    20    24.54
SMO 2014   11  06  07    25    24.61
SMO 2014   11  06  07    30    24.90
SMO 2014   11  06  07    35    24.82
SMO 2014   11  06  07    40    25.05
SMO 2014   11  06  07    45    25.44
SMO 2014   11  06  07    50    25.23
SMO 2014   11  06  07    55    24.89
SMO 2014   11  06  08    00    25.59
SMO 2014   11  06  08    05    25.90
SMO 2014   11  06  08    10    25.78
SMO 2014   11  06  08    15    25.20
SMO 2014   11  06  08    20    25.75
SMO 2014   11  06  08    25    25.54
SMO 2014   11  06  08    30    25.15
SMO 2014   11  06  08    35    24.90
SMO 2014   11  06  08    40    25.50
SMO 2014   11  06  08    45    25.18
SMO 2014   11  06  08    50    25.21
SMO 2014   11  06  08    55    25.36
SMO 2014   11  06  09    00    25.57
SMO 2014   11  06  09    05    25.56
SMO 2014   11  06  09    10    25.40
SMO 2014   11  06  09    15    25.46
SMO 2014   11  06  09    20    25.60
SMO 2014   11  06  09    25    25.78
SMO 2014   11  06  09    30    25.39
SMO 2014   11  06  09    35    25.68
SMO 2014   11  06  09    40    25.82
SMO 2014   11  06  09    45    25.32
SMO 2014   11  06  09    50    25.45
SMO 2014   11  06  09    55    25.38
SMO 2014   11  06  10    00    26.36
SMO 2014   11  06  10    05    25.59
SMO 2014   11  06  10    10    26.17
SMO 2014   11  06  10    15    26.47
SMO 2014   11  06  10    20    25.53
SMO 2014   11  06  10    25    26.00
SMO 2014   11  06  10    30    25.99
SMO 2014   11  06  10    35    26.78
SMO 2014   11  06  10    40    26.62
SMO 2014   11  06  10    45    25.46
SMO 2014   11  06  10    50    25.88
SMO 2014   11  06  10    55    26.74
SMO 2014   11  06  11    00    25.93
SMO 2014   11  06  11    05    26.75
SMO 2014   11  06  11    10    26.30
SMO 2014   11  06  11    15    26.78
SMO 2014   11  06  11    20    26.63
SMO 2014   11  06  11    25    26.56
SMO 2014   11  06  11    30    26.24
SMO 2014   11  06  11    35    26.05
SMO 2014   11  06  11    40    26.18
SMO 2014   11  06  11    45    26.53
SMO 2014   11  06  11    50    26.31
SMO 2014   11  06  11    55    26.70
SMO 2014   11  06  12    00    27.02
SMO 2014   11  06  12    05    26.57
SMO 2014   11  06  12    10    26.81
SMO 2014   11  06  12    15    26.83
SMO 2014   11  06  12    20    26.02
SMO 2014   11  06  12    25    26.74
SMO 2014   11  06  12    30    26.48
SMO 2014   11  06  12    35    26.56
SMO 2014   11  06  12    40    26.50
SMO 2014   11  06  12    45    27.32
SMO 2014   11  06  12    50    27.39
SMO 2014   11  06  12    55    25.97
SMO 2014   11  06  13    00    27.07
SMO 2014   11  06  13    05    26.70
SMO 2014   11  06  13    10    27.00
SMO 2014   11  06  13    15    26.96
SMO 2014   11  06  13    20    27.03
SMO 2014   11  06  13    25    26.41
SMO 2014   11  06  13    30    26.59
SMO 2014   11  06  13    35    27.35
SMO 2014   11  06  13    40    26.59
SMO 2014   11  06  13    45    26.81
SMO 2014   11  06  13    50    27.19
SMO 2014   11  06  13    55    27.69
SMO 2014   11  06  14    00    26.21
SMO 2014   11  06  14    05    26.94
SMO 2014   11  06  14    10    27.37
SMO 2014   11  06  14    15    26.60
SMO 2014   11  06  14    20    26.31
SMO 2014   11  06  14    25    26.62
SMO 2014   11  06  14    30    27.39
SMO 2014   11  06  14    35    26.91
SMO 2014   11  06  14    40    26.80
SMO 2014   11  06  14    45    26.46
SMO 2014   11  06  14    50    27.12
SMO 2014   11  06  14    55    27.24
SMO 2014   11  06  15    00    27.09
SMO 2014   11  06  15    05    27.98
SMO 2014   11  06  15    10    27.21
SMO 2014   11  06  15    15    27.56
SMO 2014   11  06  15    20    27.17
SMO 2014   11  06  15    25    27.77
SMO 2014   11  06  15    30    26.59
SMO 2014   11  06  15    35    26.92
SMO 2014   11  06  15    40    27.69
SMO 2014   11  06  15    45    26.93
SMO 2014   11  06  15    50    27.59
SMO 2014   11  06  15    55    27.15
SMO 2014   11  06  16    00    27.57
SMO 2014   11  06  16    05    27.27
SMO 2014   11  06  16    10    27.04
SMO 2014   11  06  16    15    26.85
SMO 2014   11  06  16    20    26.70
SMO 2014   11  06  16    25    27.04
SMO 2014   11  06  16    30    26.14
SMO 2014   11  06  16    35    26.84
SMO 2014   11  06  16    40    27.47
SMO 2014   11  06  16    45    26.78
SMO 2014   11  06  16    50    26.97
SMO 2014   11  06  16    55    26.63
SMO 2014   11  06  17    00    28.10
SMO 2014   11  06  17    05    27.17
SMO 2014   11  06  17    10    28.38
SMO 2014   11  06  17    15    26.50
SMO 2014   11  06  17    20    27.55
SMO 2014   11  06  17    25    27.38
SMO 2014   11  06  17    30    27.85
SMO 2014   11  06  17    35    28.04
SMO 2014   11  06  17    40    27.85
SMO 2014   11  06  17    45    27.05
SMO 2014   11  06  17    50    27.90
SMO 2014   11  06  17    55    27.62
SMO 2014   11  06  18    00    27.81
SMO 2014   11  06  18    05    27.28
SMO 2014   11  06  18    10    28.38
SMO 2014   11  06  18    15    27.13
SMO 2014   11  06  18    20    27.03
SMO 2014   11  06  18    25    27.23
SMO 2014   11  06  18    30    27.56
SMO 2014   11  06  18    35    27.22
SMO 2014   11  06  18    40    27.75
SMO 2014   11  06  18    45    27.33
SMO 2014   11  06  18    50    26.90
SMO 2014   11  06  18    55    27.37
SMO 2014   11  06  19    00    27.94
SMO 2014   11  06  19    05    27.94
SMO 2014   11  06  19    10    27.48
SMO 2014   11  06  19    15    27.90
SMO 2014   11  06  19    20    28.36
SMO 2014   11  06  19    25    28.19
SMO 2014   11  06  19    30    28.38
SMO 2014   11  06  19    35    28.43
SMO 2014   11  06  19    40    28.72
SMO 2014   11  06  19    45    28.92
SMO 2014   11  06  19    50    28.47
SMO 2014   11  06  19    55    28.31
SMO 2014   11  06  20    00    28.63
SMO 2014   11  06  20    05    28.50
SMO 2014   11  06  20    10    28.17
SMO 2014   11  06  20    15    27.75
SMO 2014   11  06  20    20    27.97
SMO 2014   11  06  20    25    27.75
SMO 2014   11  06  20    30    27.67
SMO 2014   11  06  20    35    27.09
SMO 2014   11  06  20    40    27.35
SMO 2014   11  06  20    45    27.86
SMO 2014   11  06  20    50    28.30
SMO 2014   11  06  20    55    27.67
SMO 2014   11  06  21    00    28.07
SMO 2014   11  06  21    05    28.54
SMO 2014   11  06  21    10    27.77
SMO 2014   11  06  21    15    28.63
SMO 2014   11  06  21    20    28.21
SMO 2014   11  06  21    25    28.06
SMO 2014   11  06  21    30    27.78
SMO 2014   11  06  21    35    27.68
SMO 2014   11  06  21    40    28.30
SMO 2014   11  06  21    45    28.32
SMO 2014   11  06  21    50    27.32
SMO 2014   11  06  21    55    27.10
SMO 2014   11  06  22    00    27.86
SMO 2014   11  06  22    05    27.22
SMO 2014   11  06  22    10    27.09
SMO 2014   11  06  22    15    27.34
SMO 2014   11  06  22    20    26.73
SMO 2014   11  06  22    25    26.91
SMO 2014   11  06  22    30    27.28
SMO 2014   11  06  22    35    27.18
SMO 2014   11  06  22    40    26.92
SMO 2014   11  06  22    45    26.40
SMO 2014   11  06  22    50    26.65
SMO 2014   11  06  22    55    27.08
SMO 2014   11  06  23    00    26.80
SMO 2014   11  06  23    05    26.37
SMO 2014   11  06  23    10    27.06
SMO 2014   11  06  23    15    26.53
SMO 2014   11  06  23    20    26.85
SMO 2014   11  06  23    25    27.34
SMO 2014   11  06  23    30    25.97
SMO 2014   11  06  23    35    26.15
SMO 2014   11  06  23    40    26.17
SMO 2014   11  06  23    45    26.21
SMO 2014   11  06  23    50    25.68
SMO 2014   11  06  23    55    26.18
SMO 2014   11  07  00    00    25.84
SMO 2014   11  07  00    05    26.36
SMO 2014   11  07  00    10    26.04
SMO 2014   11  07  00    15    25.35
SMO 2014   11  07  00    20    25.80
SMO 2014   11  07  00    25    25.46
SMO 2014   11  07  00    30    25.93
SMO 2014   11  07  00    35    25.43
SMO 2014   11  07  00    40    26.04
SMO 2014   11  07  00    45    26.33
SMO 2014   11  07  00    50    24.35
SMO 2014   11  07  00    55    26.27
SMO 2014   11  07  01    00    25.23
SMO 2014   11  07  01    05    25.79
SMO 2014   11  07  01    10    25.04
SMO 2014   11  07  01    15    25.15
SMO 2014   11  07  01    20    25.64
SMO 2014   11  07  01    25    25.52
SMO 2014   11  07  01    30    25.58
SMO 2014   11  07  01    35    25.32
SMO 2014   11  07  01    40    24.94
SMO 2014   11  07  01    45    24.18
SMO 2014   11  07  01    50    25.73
SMO 2014   11  07  01    55    24.82
SMO 2014   11  07  02    00    25.13
SMO 2014   11  07  02    05    25.28
SMO 2014   11  07  02    10    25.65
SMO 2014   11  07  02    15    25.46
SMO 2014   11  07  02    20    24.66
SMO 2014   11  07  02    25    25.79
SMO 2014   11  07  02    30    24.95
SMO 2014   11  07  02    35    26.42
SMO 2014   11  07  02    40    25.99
SMO 2014   11  07  02    45    26.01
SMO 2014   11  07  02    50    24.32
SMO 2014   11  07  02    55    26.38
SMO 2014   11  07  03    00    25.56
SMO 2014   11  07  03    05    25.29
SMO 2014   11  07  03    10    24.82
SMO 2014   11  07  03    15    26.19
SMO 2014   11  07  03    20    24.75
SMO 2014   11  07  03    25    25.76
SMO 2014   11  07  03    30    25.26
SMO 2014   11  07  03    35    25.30
SMO 2014   11  07  03    40    25.96
SMO 2014   11  07  03    45    25.74
SMO 2014   11  07  03    50    25.24
SMO 2014   11  07  03    55    25.54
SMO 2014   11  07  04    00    25.72
SMO 2014   11  07  04    05    26.03
SMO 2014   11  07  04    10    25.79
SMO 2014   11  07  04    15    25.94
SMO 2014   11  07  04    20    25.96
SMO 2014   11  07  04    25    25.86
SMO 2014   11  07  04    30    26.63
SMO 2014   11  07  04    35    25.69
SMO 2014   11  07  04    40    26.14
SMO 2014   11  07  04    45    26.07
SMO 2014   11  07  04    50    26.46
SMO 2014   11  07  04    55    25.71
SMO 2014   11  07  05    00    27.28
SMO 2014   11  07  05    05    26.73
SMO 2014   11  07  05    10    26.67
SMO 2014   11  07  05    15    27.10
SMO 2014   11  07  05    20    26.39
SMO 2014   11  07  05    25    27.32
SMO 2014   11  07  05    30    26.75
SMO 2014   11  07  05    35    26.67
SMO 2014   11  07  05    40    27.11
SMO 2014   11  07  05    45    26.74
SMO 2014   11  07  05    50    25.88
SMO 2014   11  07  05    55    27.54
SMO 2014   11  07  06    00    27.01
SMO 2014   11  07  06    05    27.10
SMO 2014   11  07  06    10    27.05
SMO 2014   11  07  06    15    26.84
SMO 2014   11  07  06    20    27.21
SMO 2014   11  07  06    25    27.12
SMO 2014   11  07  06    30    26.76
SMO 2014   11  07  06    35    27.17
SMO 2014   11  07  06    40    27.05
SMO 2014   11  07  06    45    26.79
SMO 2014   11  07  06    50    27.16
SMO 2014   11  07  06    55    26.80
SMO 2014   11  07  07    00    27.53
SMO 2014   11  07  07    05    27.02
SMO 2014   11  07  07    10    26.92
SMO 2014   11  07  07    15    27.78
SMO 2014   11  07  07    20    27.08
SMO 2014   11  07  07    25    27.74
SMO 2014   11  07  07    30    27.06
SMO 2014   11  07  07    35    27.54
SMO 2014   11  07  07    40    27.37
SMO 2014   11  07  07    45    27.43
SMO 2014   11  07  07    50    28.07
SMO 2014   11  07  07    55    27.11
SMO 2014   11  07  08    00    27.48
SMO 2014   11  07  08    05    27.51
SMO 2014   11  07  08    10    27.57
SMO 2014   11  07  08    15    27.81
SMO 2014   11  07  08    20    27.24
SMO 2014   11  07  08    25    27.71
SMO 2014   11  07  08    30    26.68
SMO 2014   11  07  08    35    26.99
SMO 2014   11  07  08    40    27.15
SMO 2014   11  07  08    45    27.08
SMO 2014   11  07  08    50    26.73
SMO 2014   11  07  08    55    26.73
SMO 2014   11  07  09    00    27.17
SMO 2014   11  07  09    05    26.50
SMO 2014   11  07  09    10    26.62
SMO 2014   11  07  09    15    26.21
SMO 2014   11  07  09    20    26.73
SMO 2014   11  07  09    25    26.94
SMO 2014   11  07  09    30    25.99
SMO 2014   11  07  09    35    26.91
SMO 2014   11  07  09    40    26.28
SMO 2014   11  07  09    45    26.83
SMO 2014   11  07  09    50    25.87
SMO 2014   11  07  09    55    26.27
SMO 2014   11  07  10    00    26.67
SMO 2014   11  07  10    05    26.23
SMO 2014   11  07  10    10    26.51
SMO 2014   11  07  10    15    26.33
SMO 2014   11  07  10    20    26.26
SMO 2014   11  07  10    25    25.91
SMO 2014   11  07  10    30    26.54
SMO 2014   11  07  10    35    26.20
SMO 2014   11  07  10    40    26.04
SMO 2014   11  07  10    45    26.52
SMO 2014   11  07  10    50    26.24
SMO 2014   11  07  10    55    26.19
SMO 2014   11  07  11    00    26.51
SMO 2014   11  07  11    05    26.23
SMO 2014   11  07  11    10    26.49
SMO 2014   11  07  11    15    26.32
SMO 2014   11  07  11    20    25.69
SMO 2014   11  07  11    25    26.39
SMO 2014   11  07  11    30    26.28
SMO 2014   11  07  11    35    25.71
SMO 2014   11  07  11    40    25.97
SMO 2014   11  07  11    45    25.67
SMO 2014   11  07  11    50    26.25
SMO 2014   11  07  11    55    25.72
SMO 2014   11  07  12    00    26.27
SMO 2014   11  07  12    05    26.13
SMO 2014   11  07  12    10    25.73
SMO 2014   11  07  12    15    26.01
SMO 2014   11  07  12    20    26.45
SMO 2014   11  07  12    25    25.79
SMO 2014   11  07  12    30    26.01
SMO 2014   11  07  12    35    26.27
SMO 2014   11  07  12    40    26.00
SMO 2014   11  07  12    45    26.01
SMO 2014   11  07  12    50    25.86
SMO 2014   11  07  12    55    26.11
SMO 2014   11  07  13    00    26.03
SMO 2014   11  07  13    05    26.45
SMO 2014   11  07  13    10    26.48
SMO 2014   11  07  13    15    26.24
SMO 2014   11  07  13    20    26.27
SMO 2014   11  07  13    25    26.50
SMO 2014   11  07  13    30    26.54
SMO 2014   11  07  13    35    26.64
SMO 2014   11  07  13    40    26.68
SMO 2014   11  07  13    45    26.91
SMO 2014   11  07  13    50    26.06
SMO 2014   11  07  13    55    26.57
SMO 2014   11  07  14    00    26.96
SMO 2014   11  07  14    05    26.67
SMO 2014   11  07  14    10    26.56
SMO 2014   11  07  14    15    27.12
SMO 2014   11  07  14    20    26.24
SMO 2014   11  07  14    25    26.85
SMO 2014   11  07  14    30    26.89
SMO 2014   11  07  14    35    26.81
SMO 2014   11  07  14    40    26.73
SMO 2014   11  07  14    45    26.65
SMO 2014   11  07  14    50    27.04
SMO 2014   11  07  14    55    26.91
SMO 2014   11  07  15    00    27.13
SMO 2014   11  07  15    05    27.07
SMO 2014   11  07  15    10    27.49
SMO 2014   11  07  15    15    27.41
SMO 2014   11  07  15    20    27.36
SMO 2014   11  07  15    25    27.16
SMO 2014   11  07  15    30    27.74
SMO 2014   11  07  15    35    26.99
SMO 2014   11  07  15    40    27.56
SMO 2014   11  07  15    45    27.49
SMO 2014   11  07  15    50    27.57
SMO 2014   11  07  15    55    27.56
SMO 2014   11  07  16    00    27.86
SMO 2014   11  07  16    05    27.52
SMO 2014   11  07  16    10    27.94
SMO 2014   11  07  16    15    27.65
SMO 2014   11  07  16    20    27.34
SMO 2014   11  07  16    25    27.35
SMO 2014   11  07  16    30    27.06
SMO 2014   11  07  16    35    28.22
SMO 2014   11  07  16    40    27.86
SMO 2014   11  07  16    45    27.88
SMO 2014   11  07  16    50    27.82
SMO 2014   11  07  16    55    27.42
SMO 2014   11  07  17    00    28.38
SMO 2014   11  07  17    05    27.67
SMO 2014   11  07  17    10    28.41
SMO 2014   11  07  17    15    27.64
SMO 2014   11  07  17    20    28.11
SMO 2014   11  07  17    25    28.26
SMO 2014   11  07  17    30    27.03
SMO 2014   11  07  17    35    28.09
SMO 2014   11  07  17    40    27.95
SMO 2014   11  07  17    45    27.98
SMO 2014   11  07  17    50    28.18
SMO 2014   11  07  17    55    27.95
SMO 2014   11  07  18    00    28.13
SMO 2014   11  07  18    05    28.14
SMO 2014   11  07  18    10    28.37
SMO 2014   11  07  18    15    27.88
SMO 2014   11  07  18    20    28.26
SMO 2014   11  07  18    25    28.11
SMO 2014   11  07  18    30    27.95
SMO 2014   11  07  18    35    27.95
SMO 2014   11  07  18    40    28.03
SMO 2014   11  07  18    45    28.09
SMO 2014   11  07  18    50    28.18
SMO 2014   11  07  18    55    27.62
SMO 2014   11  07  19    00    28.41
SMO 2014   11  07  19    05    28.06
SMO 2014   11  07  19    10    27.52
SMO 2014   11  07  19    15    28.83
SMO 2014   11  07  19    20    28.26
SMO 2014   11  07  19    25    27.60
SMO 2014   11  07  19    30    28.26
SMO 2014   11  07  19    35    28.34
SMO 2014   11  07  19    40    27.07
SMO 2014   11  07  19    45    28.02
SMO 2014   11  07  19    50    27.58
SMO 2014   11  07  19    55    28.98
SMO 2014   11  07  20    00    26.49
SMO 2014   11  07  20    05    27.87
SMO 2014   11  07  20    10    27.74
SMO 2014   11  07  20    15    27.55
SMO 2014   11  07  20    20    27.51
SMO 2014   11  07  20    25    27.84
SMO 2014   11  07  20    30    27.12
SMO 2014   11  07  20    35    27.91
SMO 2014   11  07  20    40    27.77
SMO 2014   11  07  20    45    26.39
SMO 2014   11  07  20    50    27.39
SMO 2014   11  07  20    55    26.28
SMO 2014   11  07  21    00    27.45
SMO 2014   11  07  21    05    27.72
SMO 2014   11  07  21    10    26.97
SMO 2014   11  07  21    15    26.94
SMO 2014   11  07  21    20    27.34
SMO 2014   11  07  21    25    27.19
SMO 2014   11  07  21    30    26.41
SMO 2014   11  07  21    35    26.87
SMO 2014   11  07  21    40    27.01
SMO 2014   11  07  21    45    26.66
SMO 2014   11  07  21    50    26.79
SMO 2014   11  07  21    55    26.88
SMO 2014   11  07  22    00    26.69
SMO 2014   11  07  22    05    26.49
SMO 2014   11  07  22    10    26.53
SMO 2014   11  07  22    15    26.80
SMO 2014   11  07  22    20    26.02
SMO 2014   11  07  22    25    26.33
SMO 2014   11  07  22    30    26.18
SMO 2014   11  07  22    35    26.40
SMO 2014   11  07  22    40    26.16
SMO 2014   11  07  22    45    25.51
SMO 2014   11  07  22    50    24.97
SMO 2014   11  07  22    55    25.91
SMO 2014   11  07  23    00    24.70
SMO 2014   11  07  23    05    25.90
SMO 2014   11  07  23    10    24.61
SMO 2014   11  07  23    15    25.51
SMO 2014   11  07  23    20    24.72
SMO 2014   11  07  23    25    25.05
SMO 2014   11  07  23    30    24.76
SMO 2014   11  07  23    35    25.00
SMO 2014   11  07  23    40    25.06
SMO 2014   11  07  23    45    24.02
SMO 2014   11  07  23    50    24.90
SMO 2014   11  07  23    55    24.35
SMO 2014   11  08  00    00    24.06
SMO 2014   11  08  00    05    24.45
SMO 2014   11  08  00    10    24.42
SMO 2014   11  08  00    15    24.61
SMO 2014   11  08  00    20    25.18
SMO 2014   11  08  00    25    23.52
SMO 2014   11  08  00    30    24.78
SMO 2014   11  08  00    35    24.05
SMO 2014   11  08  00    40    23.87
SMO 2014   11  08  00    45    25.37
SMO 2014   11  08  00    50    23.86
SMO 2014   11  08  00    55    24.06
SMO 2014   11  08  01    00    24.36
SMO 2014   11  08  01    05    23.78
SMO 2014   11  08  01    10    25.27
SMO 2014   11  08  01    15    23.33
SMO 2014   11  08  01    20    23.89
SMO 2014   11  08  01    25    23.37
SMO 2014   11  08  01    30    23.23
SMO 2014   11  08  01    35    23.28
SMO 2014   11  08  01    40    22.74
SMO 2014   11  08  01    45    23.12
SMO 2014   11  08  01    50    23.48
SMO 2014   11  08  01    55    23.02
SMO 2014   11  08  02    00    22.92
SMO 2014   11  08  02    05    22.79
SMO 2014   11  08  02    10    23.19
SMO 2014   11  08  02    15    22.41
SMO 2014   11  08  02    20    22.60
SMO 2014   11  08  02    25    22.85
SMO 2014   11  08  02    30    22.44
SMO 2014   11  08  02    35    22.47
SMO 2014   11  08  02    40    22.44
SMO 2014   11  08  02    45    22.82
SMO 2014   11  08  02    50    23.34
SMO 2014   11  08  02    55    21.45
SMO 2014   11  08  03    00    22.56
SMO 2014   11  08  03    05    22.71
SMO 2014   11  08  03    10    22.85
SMO 2014   11  08  03    15    22.31
SMO 2014   11  08  03    20    22.31
SMO 2014   11  08  03    25    22.54
SMO 2014   11  08  03    30    22.45
SMO 2014   11  08  03    35    22.68
SMO 2014   11  08  03    40    21.98
SMO 2014   11  08  03    45    22.70
SMO 2014   11  08  03    50    22.22
SMO 2014   11  08  03    55    22.47
SMO 2014   11  08  04    00    22.91
SMO 2014   11  08  04    05    22.37
SMO 2014   11  08  04    10    22.81
SMO 2014   11  08  04    15    22.11
SMO 2014   11  08  04    20    22.52
SMO 2014   11  08  04    25    22.64
SMO 2014   11  08  04    30    22.72
SMO 2014   11  08  04    35    22.37
SMO 2014   11  08  04    40    22.31
SMO 2014   11  08  04    45    22.02
SMO 2014   11  08  04    50    22.02
SMO 2014   11  08  04    55    22.59
SMO 2014   11  08  05    00    22.22
SMO 2014   11  08  05    05    22.11
SMO 2014   11  08  05    10    22.82
SMO 2014   11  08  05    15    22.80
SMO 2014   11  08  05    20    22.63
SMO 2014   11  08  05    25    22.36
SMO 2014   11  08  05    30    22.72
SMO 2014   11  08  05    35    22.67
SMO 2014   11  08  05    40    22.44
SMO 2014   11  08  05    45    22.24
SMO 2014   11  08  05    50    22.85
SMO 2014   11  08  05    55    22.81
SMO 2014   11  08  06    00    23.30
SMO 2014   11  08  06    05    23.57
SMO 2014   11  08  06    10    22.76
SMO 2014   11  08  06    15    22.57
SMO 2014   11  08  06    20    23.61
SMO 2014   11  08  06    25    23.01
SMO 2014   11  08  06    30    22.79
SMO 2014   11  08  06    35    22.89
SMO 2014   11  08  06    40    23.47
SMO 2014   11  08  06    45    22.27
SMO 2014   11  08  06    50    22.43
SMO 2014   11  08  06    55    23.38
SMO 2014   11  08  07    00    23.03
SMO 2014   11  08  07    05    23.22
SMO 2014   11  08  07    10    22.78
SMO 2014   11  08  07    15    23.38
SMO 2014   11  08  07    20    22.87
SMO 2014   11  08  07    25    22.60
SMO 2014   11  08  07    30    24.02
SMO 2014   11  08  07    35    22.55
SMO 2014   11  08  07    40    23.65
SMO 2014   11  08  07    45    22.67
SMO 2014   11  08  07    50    23.52
SMO 2014   11  08  07    55    23.31
SMO 2014   11  08  08    00    23.13
SMO 2014   11  08  08    05    23.12
SMO 2014   11  08  08    10    23.09
SMO 2014   11  08  08    15    23.31
SMO 2014   11  08  08    20    23.49
SMO 2014   11  08  08    25    23.32
SMO 2014   11  08  08    30    22.75
SMO 2014   11  08  08    35    23.85
SMO 2014   11  08  08    40    23.53
SMO 2014   11  08  08    45    23.46
SMO 2014   11  08  08    50    23.03
SMO 2014   11  08  08    55    23.44
SMO 2014   11  08  09    00    24.14
SMO 2014   11  08  09    05    23.01
SMO 2014   11  08  09    10    23.57
SMO 2014   11  08  09    15    23.89
SMO 2014   11  08  09    20    22.65
SMO 2014   11  08  09    25    23.33
SMO 2014   11  08  09    30    23.67
SMO 2014   11  08  09    35    23.22
SMO 2014   11  08  09    40    23.24
SMO 2014   11  08  09    45    22.97
SMO 2014   11  08  09    50    23.40
SMO 2014   11  08  09    55    22.23
SMO 2014   11  08  10    00    23.70
SMO 2014   11  08  10    05    24.68
SMO 2014   11  08  10    10    23.01
SMO 2014   11  08  10    15    23.61
SMO 2014   11  08  10    20    23.33
SMO 2014   11  08  10    25    24.33
SMO 2014   11  08  10    30    23.18
SMO 2014   11  08  10    35    23.63
SMO 2014   11  08  10    40    23.30
SMO 2014   11  08  10    45    23.07
SMO 2014   11  08  10    50    23.35
SMO 2014   11  08  10    55    23.54
SMO 2014   11  08  11    00    24.10
SMO 2014   11  08  11    05    23.40
SMO 2014   11  08  11    10    23.65
SMO 2014   11  08  11    15    23.23
SMO 2014   11  08  11    20    23.67
SMO 2014   11  08  11    25    23.00
SMO 2014   11  08  11    30    23.35
SMO 2014   11  08  11    35    22.95
SMO 2014   11  08  11    40    23.09
SMO 2014   11  08  11    45    24.31
SMO 2014   11  08  11    50    23.25
SMO 2014   11  08  11    55    23.73
SMO 2014   11  08  12    00    22.57
SMO 2014   11  08  12    05    24.04
SMO 2014   11  08  12    10    23.43
SMO 2014   11  08  12    15    23.09
SMO 2014   11  08  12    20    23.23
SMO 2014   11  08  12    25    23.01
SMO 2014   11  08  12    30    23.53
SMO 2014   11  08  12    35    23.52
SMO 2014   11  08  12    40    23.34
SMO 2014   11  08  12    45    23.69
SMO 2014   11  08  12    50    21.97
SMO 2014   11  08  12    55    23.80
SMO 2014   11  08  13    00    22.74
SMO 2014   11  08  13    05    23.94
SMO 2014   11  08  13    10    22.74
SMO 2014   11  08  13    15    23.52
SMO 2014   11  08  13    20    23.48
SMO 2014   11  08  13    25    23.15
SMO 2014   11  08  13    30    23.81
SMO 2014   11  08  13    35    23.58
SMO 2014   11  08  13    40    23.89
SMO 2014   11  08  13    45    23.85
SMO 2014   11  08  13    50    23.24
SMO 2014   11  08  13    55    22.60
SMO 2014   11  08  14    00    23.09
SMO 2014   11  08  14    05    23.04
SMO 2014   11  08  14    10    22.88
SMO 2014   11  08  14    15    22.96
SMO 2014   11  08  14    20    23.49
SMO 2014   11  08  14    25    23.14
SMO 2014   11  08  14    30    22.84
SMO 2014   11  08  14    35    22.67
SMO 2014   11  08  14    40    22.62
SMO 2014   11  08  14    45    22.65
SMO 2014   11  08  14    50    22.63
SMO 2014   11  08  14    55    22.46
SMO 2014   11  08  15    00    22.17
SMO 2014   11  08  15    05    22.88
SMO 2014   11  08  15    10    21.99
SMO 2014   11  08  15    15    22.14
SMO 2014   11  08  15    20    21.96
SMO 2014   11  08  15    25    22.36
SMO 2014   11  08  15    30    21.80
SMO 2014   11  08  15    35    22.59
SMO 2014   11  08  15    40    22.61
SMO 2014   11  08  15    45    21.96
SMO 2014   11  08  15    50    22.34
SMO 2014   11  08  15    55    21.85
SMO 2014   11  08  16    00    21.80
SMO 2014   11  08  16    05    21.38
SMO 2014   11  08  16    10    21.60
SMO 2014   11  08  16    15    21.99
SMO 2014   11  08  16    20    21.32
SMO 2014   11  08  16    25    21.11
SMO 2014   11  08  16    30    21.27
SMO 2014   11  08  16    35    21.32
SMO 2014   11  08  16    40    20.82
SMO 2014   11  08  16    45    21.59
SMO 2014   11  08  16    50    20.53
SMO 2014   11  08  16    55    21.45
SMO 2014   11  08  17    00    21.36
SMO 2014   11  08  17    05    20.74
SMO 2014   11  08  17    10    21.47
SMO 2014   11  08  17    15    20.92
SMO 2014   11  08  17    20    22.16
SMO 2014   11  08  17    25    21.27
SMO 2014   11  08  17    30    22.39
SMO 2014   11  08  17    35    21.90
SMO 2014   11  08  17    40    21.35
SMO 2014   11  08  17    45    21.73
SMO 2014   11  08  17    50    21.03
SMO 2014   11  08  17    55    22.17
SMO 2014   11  08  18    00    21.90
SMO 2014   11  08  18    05    22.54
SMO 2014   11  08  18    10    21.57
SMO 2014   11  08  18    15    22.35
SMO 2014   11  08  18    20    21.94
SMO 2014   11  08  18    25    21.95
SMO 2014   11  08  18    30    21.41
SMO 2014   11  08  18    35    22.45
SMO 2014   11  08  18    40    22.37
SMO 2014   11  08  18    45    22.24
SMO 2014   11  08  18    50    22.27
SMO 2014   11  08  18    55    22.00
SMO 2014   11  08  19    00    22.76
SMO 2014   11  08  19    05    22.86
SMO 2014   11  08  19    10    22.80
SMO 2014   11  08  19    15    21.77
SMO 2014   11  08  19    20    22.34
SMO 2014   11  08  19    25    22.20
SMO 2014   11  08  19    30    21.93
SMO 2014   11  08  19    35    21.83
SMO 2014   11  08  19    40    21.19
SMO 2014   11  08  19    45    21.32
SMO 2014   11  08  19    50    20.94
SMO 2014   11  08  19    55    20.56
SMO 2014   11  08  20    00    20.76
SMO 2014   11  08  20    05    20.82
SMO 2014   11  08  20    10    19.58
SMO 2014   11  08  20    15    20.82
SMO 2014   11  08  20    20    19.43
SMO 2014   11  08  20    25    18.66
SMO 2014   11  08  20    30    18.94
SMO 2014   11  08  20    35    18.29
SMO 2014   11  08  20    40    19.41
SMO 2014   11  08  20    45    20.03
SMO 2014   11  08  20    50    21.90
SMO 2014   11  08  20    55    21.04
SMO 2014   11  08  21    00    21.12
SMO 2014   11  08  21    05    20.50
SMO 2014   11  08  21    10    20.34
SMO 2014   11  08  21    15    19.66
SMO 2014   11  08  21    20    20.40
SMO 2014   11  08  21    25    19.18
SMO 2014   11  08  21    30    19.58
SMO 2014   11  08  21    35    19.19
SMO 2014   11  08  21    40    19.72
SMO 2014   11  08  21    45    19.40
SMO 2014   11  08  21    50    19.57
SMO 2014   11  08  21    55    19.60
SMO 2014   11  08  22    00    19.72
SMO 2014   11  08  22    05    20.06
SMO 2014   11  08  22    10    19.60
SMO 2014   11  08  22    15    17.21
SMO 2014   11  08  22    20    18.52
SMO 2014   11  08  22    25    17.75
SMO 2014   11  08  22    30    17.24
SMO 2014   11  08  22    35    16.50
SMO 2014   11  08  22    40    16.00
SMO 2014   11  08  22    45    15.48
SMO 2014   11  08  22    50    15.70
SMO 2014   11  08  22    55    16.04
SMO 2014   11  08  23    00    15.85
SMO 2014   11  08  23    05    18.03
SMO 2014   11  08  23    10    19.17
SMO 2014   11  08  23    15    18.75
SMO 2014   11  08  23    20    18.54
SMO 2014   11  08  23    25    18.17
SMO 2014   11  08  23    30    18.05
SMO 2014   11  08  23    35    17.50
SMO 2014   11  08  23    40    16.40
SMO 2014   11  08  23    45    14.71
SMO 2014   11  08  23    50    15.70
SMO 2014   11  08  23    55    15.10
SMO 2014   11  09  00    00    15.79
SMO 2014   11  09  00    05    14.99
SMO 2014   11  09  00    10    15.55
SMO 2014   11  09  00    15    15.24
SMO 2014   11  09  00    20    14.93
SMO 2014   11  09  00    25    14.94
SMO 2014   11  09  00    30    15.16
SMO 2014   11  09  00    35    14.63
SMO 2014   11  09  00    40    15.44
SMO 2014   11  09  00    45    14.89
SMO 2014   11  09  00    50    15.40
SMO 2014   11  09  00    55    15.16
SMO 2014   11  09  01    00    15.90
SMO 2014   11  09  01    05    15.31
SMO 2014   11  09  01    10    15.15
SMO 2014   11  09  01    15    14.67
SMO 2014   11  09  01    20    15.34
SMO 2014   11  09  01    25    15.45
SMO 2014   11  09  01    30    14.98
SMO 2014   11  09  01    35    15.32
SMO 2014   11  09  01    40    14.73
SMO 2014   11  09  01    45    14.54
SMO 2014   11  09  01    50    14.92
SMO 2014   11  09  01    55    14.15
SMO 2014   11  09  02    00    15.05
SMO 2014   11  09  02    05    14.93
SMO 2014   11  09  02    10    14.65
SMO 2014   11  09  02    15    14.34
SMO 2014   11  09  02    20    14.77
SMO 2014   11  09  02    25    14.20
SMO 2014   11  09  02    30    14.94
SMO 2014   11  09  02    35    14.28
SMO 2014   11  09  02    40    15.79
SMO 2014   11  09  02    45    14.53
SMO 2014   11  09  02    50    14.51
SMO 2014   11  09  02    55    14.17
SMO 2014   11  09  03    00    15.12
SMO 2014   11  09  03    05    14.46
SMO 2014   11  09  03    10    14.96
SMO 2014   11  09  03    15    14.07
SMO 2014   11  09  03    20    14.46
SMO 2014   11  09  03    25    14.34
SMO 2014   11  09  03    30    13.73
SMO 2014   11  09  03    35    14.14
SMO 2014   11  09  03    40    14.64
SMO 2014   11  09  03    45    13.32
SMO 2014   11  09  03    50    13.93
SMO 2014   11  09  03    55    14.54
SMO 2014   11  09  04    00    14.38
SMO 2014   11  09  04    05    14.22
SMO 2014   11  09  04    10    14.08
SMO 2014   11  09  04    15    14.03
SMO 2014   11  09  04    20    14.56
SMO 2014   11  09  04    25    14.59
SMO 2014   11  09  04    30    14.48
SMO 2014   11  09  04    35    14.63
SMO 2014   11  09  04    40    14.64
SMO 2014   11  09  04    45    14.81
SMO 2014   11  09  04    50    14.58
SMO 2014   11  09  04    55    14.86
SMO 2014   11  09  05    00    14.98
SMO 2014   11  09  05    05    15.16
SMO 2014   11  09  05    10    14.85
SMO 2014   11  09  05    15    14.25
SMO 2014   11  09  05    20    14.48
SMO 2014   11  09  05    25    14.71
SMO 2014   11  09  05    30    15.09
SMO 2014   11  09  05    35    15.28
SMO 2014   11  09  05    40    15.44
SMO 2014   11  09  05    45    14.79
SMO 2014   11  09  05    50    14.81
SMO 2014   11  09  05    55    14.94
SMO 2014   11  09  06    00    15.79
SMO 2014   11  09  06    05    15.16
SMO 2014   11  09  06    10    15.05
SMO 2014   11  09  06    15    14.47
SMO 2014   11  09  06    20    15.40
SMO 2014   11  09  06    25    13.84
SMO 2014   11  09  06    30    15.44
SMO 2014   11  09  06    35    14.35
SMO 2014   11  09  06    40    15.54
SMO 2014   11  09  06    45    15.01
SMO 2014   11  09  06    50    14.30
SMO 2014   11  09  06    55    14.37
SMO 2014   11  09  07    00    15.20
SMO 2014   11  09  07    05    15.08
SMO 2014   11  09  07    10    14.50
SMO 2014   11  09  07    15    14.72
SMO 2014   11  09  07    20    14.04
SMO 2014   11  09  07    25    14.38
SMO 2014   11  09  07    30    14.93
SMO 2014   11  09  07    35    14.80
SMO 2014   11  09  07    40    14.17
SMO 2014   11  09  07    45    16.01
SMO 2014   11  09  07    50    13.47
SMO 2014   11  09  07    55    14.85
SMO 2014   11  09  08    00    14.68
SMO 2014   11  09  08    05    15.45
SMO 2014   11  09  08    10    13.53
SMO 2014   11  09  08    15    15.26
SMO 2014   11  09  08    20    14.53
SMO 2014   11  09  08    25    14.41
SMO 2014   11  09  08    30    14.24
SMO 2014   11  09  08    35    14.11
SMO 2014   11  09  08    40    15.11
SMO 2014   11  09  08    45    12.65
SMO 2014   11  09  08    50    13.69
SMO 2014   11  09  08    55    12.87
SMO 2014   11  09  09    00    13.84
SMO 2014   11  09  09    05    13.41
SMO 2014   11  09  09    10    14.39
SMO 2014   11  09  09    15    13.60
SMO 2014   11  09  09    20    13.83
SMO 2014   11  09  09    25    14.87
SMO 2014   11  09  09    30    12.95
SMO 2014   11  09  09    35    14.81
SMO 2014   11  09  09    40    13.34
SMO 2014   11  09  09    45    12.92
SMO 2014   11  09  09    50    12.50
SMO 2014   11  09  09    55    13.74
SMO 2014   11  09  10    00    13.77
SMO 2014   11  09  10    05    13.86
SMO 2014   11  09  10    10    13.72
SMO 2014   11  09  10    15    13.72
SMO 2014   11  09  10    20    13.93
SMO 2014   11  09  10    25    14.12
SMO 2014   11  09  10    30    14.32
SMO 2014   11  09  10    35    13.68
SMO 2014   11  09  10    40    15.12
SMO 2014   11  09  10    45    13.22
SMO 2014   11  09  10    50    13.92
SMO 2014   11  09  10    55    13.29
SMO 2014   11  09  11    00    14.06
SMO 2014   11  09  11    05    12.58
SMO 2014   11  09  11    10    13.09
SMO 2014   11  09  11    15    13.18
SMO 2014   11  09  11    20    13.11
SMO 2014   11  09  11    25    13.98
SMO 2014   11  09  11    30    13.73
SMO 2014   11  09  11    35    14.61
SMO 2014   11  09  11    40    13.01
SMO 2014   11  09  11    45    13.40
SMO 2014   11  09  11    50    12.95
SMO 2014   11  09  11    55    14.10
SMO 2014   11  09  12    00    14.28
SMO 2014   11  09  12    05    12.95
SMO 2014   11  09  12    10    14.01
SMO 2014   11  09  12    15    12.39
SMO 2014   11  09  12    20    13.35
SMO 2014   11  09  12    25    13.51
SMO 2014   11  09  12    30    13.81
SMO 2014   11  09  12    35    13.63
SMO 2014   11  09  12    40    14.10
SMO 2014   11  09  12    45    14.04
SMO 2014   11  09  12    50    14.31
SMO 2014   11  09  12    55    14.58
SMO 2014   11  09  13    00    13.68
SMO 2014   11  09  13    05    14.51
SMO 2014   11  09  13    10    12.99
SMO 2014   11  09  13    15    13.24
SMO 2014   11  09  13    20    12.85
SMO 2014   11  09  13    25    12.73
SMO 2014   11  09  13    30    12.63
SMO 2014   11  09  13    35    12.25
SMO 2014   11  09  13    40    13.08
SMO 2014   11  09  13    45    12.06
SMO 2014   11  09  13    50    12.50
SMO 2014   11  09  13    55    12.19
SMO 2014   11  09  14    00    12.71
SMO 2014   11  09  14    05    12.33
SMO 2014   11  09  14    10    12.55
SMO 2014   11  09  14    15    12.58
SMO 2014   11  09  14    20    11.47
SMO 2014   11  09  14    25    12.16
SMO 2014   11  09  14    30    11.16
SMO 2014   11  09  14    35    12.89
SMO 2014   11  09  14    40    11.47
SMO 2014   11  09  14    45    11.42
SMO 2014   11  09  14    50    11.46
SMO 2014   11  09  14    55    11.85
SMO 2014   11  09  15    00    12.25
SMO 2014   11  09  15    05    11.06
SMO 2014   11  09  15    10    12.13
SMO 2014   11  09  15    15    11.42
SMO 2014   11  09  15    20    11.88
SMO 2014   11  09  15    25    11.62
SMO 2014   11  09  15    30    12.18
SMO 2014   11  09  15    35    12.36
SMO 2014   11  09  15    40    12.52
SMO 2014   11  09  15    45    12.77
SMO 2014   11  09  15    50    12.30
SMO 2014   11  09  15    55    13.16
SMO 2014   11  09  16    00    12.86
SMO 2014   11  09  16    05    13.42
SMO 2014   11  09  16    10    12.89
SMO 2014   11  09  16    15    13.48
SMO 2014   11  09  16    20    13.56
SMO 2014   11  09  16    25    13.58
SMO 2014   11  09  16    30    14.25
SMO 2014   11  09  16    35    13.01
SMO 2014   11  09  16    40    12.82
SMO 2014   11  09  16    45    12.06
SMO 2014   11  09  16    50    11.93
SMO 2014   11  09  16    55    12.13
SMO 2014   11  09  17    00    12.07
SMO 2014   11  09  17    05    13.63
SMO 2014   11  09  17    10    12.63
SMO 2014   11  09  17    15    13.29
SMO 2014   11  09  17    20    13.49
SMO 2014   11  09  17    25    12.23
SMO 2014   11  09  17    30    13.45
SMO 2014   11  09  17    35    11.80
SMO 2014   11  09  17    40    11.67
SMO 2014   11  09  17    45    11.43
SMO 2014   11  09  17    50    11.66
SMO 2014   11  09  17    55    11.92
SMO 2014   11  09  18    00    13.53
SMO 2014   11  09  18    05    11.23
SMO 2014   11  09  18    10    13.79
SMO 2014   11  09  18    15    11.09
SMO 2014   11  09  18    20    12.50
SMO 2014   11  09  18    25    12.05
SMO 2014   11  09  18    30    12.45
SMO 2014   11  09  18    35    12.34
SMO 2014   11  09  18    40    12.64
SMO 2014   11  09  18    45    11.95
SMO 2014   11  09  18    50    12.34
SMO 2014   11  09  18    55    12.90
SMO 2014   11  09  19    00    12.64
SMO 2014   11  09  19    05    13.32
SMO 2014   11  09  19    10    12.51
SMO 2014   11  09  19    15    12.80
SMO 2014   11  09  19    20    12.65
SMO 2014   11  09  19    25    12.47
SMO 2014   11  09  19    30    12.86
SMO 2014   11  09  19    35    12.61
SMO 2014   11  09  19    40    11.97
SMO 2014   11  09  19    45    12.03
SMO 2014   11  09  19    50    11.26
SMO 2014   11  09  19    55    12.55
SMO 2014   11  09  20    00    12.25
SMO 2014   11  09  20    05    11.62
SMO 2014   11  09  20    10    11.96
SMO 2014   11  09  20    15    11.04
SMO 2014   11  09  20    20    11.09
SMO 2014   11  09  20    25     9.14
SMO 2014   11  09  20    30     9.51
SMO 2014   11  09  20    35     9.55
SMO 2014   11  09  20    40    10.15
SMO 2014   11  09  20    45    10.28
SMO 2014   11  09  20    50     9.63
SMO 2014   11  09  20    55     9.26
SMO 2014   11  09  21    00     9.69
SMO 2014   11  09  21    05     9.50
SMO 2014   11  09  21    10     9.86
SMO 2014   11  09  21    15     9.40
SMO 2014   11  09  21    20     9.74
SMO 2014   11  09  21    25     9.25
SMO 2014   11  09  21    30     9.18
SMO 2014   11  09  21    35     9.10
SMO 2014   11  09  21    40     9.41
SMO 2014   11  09  21    45     8.70
SMO 2014   11  09  21    50     9.26
SMO 2014   11  09  21    55     9.27
SMO 2014   11  09  22    00     9.28
SMO 2014   11  09  22    05     8.95
SMO 2014   11  09  22    10     8.97
SMO 2014   11  09  22    15     8.42
SMO 2014   11  09  22    20     9.17
SMO 2014   11  09  22    25     9.39
SMO 2014   11  09  22    30     9.08
SMO 2014   11  09  22    35     8.77
SMO 2014   11  09  22    40     8.29
SMO 2014   11  09  22    45     8.78
SMO 2014   11  09  22    50     9.29
SMO 2014   11  09  22    55     8.41
SMO 2014   11  09  23    00     8.35
SMO 2014   11  09  23    05     8.88
SMO 2014   11  09  23    10     9.13
SMO 2014   11  09  23    15     9.33
SMO 2014   11  09  23    20     9.36
SMO 2014   11  09  23    25     9.02
SMO 2014   11  09  23    30     9.39
SMO 2014   11  09  23    35     9.02
SMO 2014   11  09  23    40     9.06
SMO 2014   11  09  23    45     8.85
SMO 2014   11  09  23    50     9.49
SMO 2014   11  09  23    55     9.37
SMO 2014   11  10  00    00     9.61
SMO 2014   11  10  00    05     8.78
SMO 2014   11  10  00    10     9.23
SMO 2014   11  10  00    15     8.36
SMO 2014   11  10  00    20     8.55
SMO 2014   11  10  00    25     8.06
SMO 2014   11  10  00    30     8.41
SMO 2014   11  10  00    35     7.28
SMO 2014   11  10  00    40     9.09
SMO 2014   11  10  00    45     8.32
SMO 2014   11  10  00    50     8.39
SMO 2014   11  10  00    55     8.64
SMO 2014   11  10  01    00     8.45
SMO 2014   11  10  01    05     8.39
SMO 2014   11  10  01    10     8.54
SMO 2014   11  10  01    15     7.88
SMO 2014   11  10  01    20     8.09
SMO 2014   11  10  01    25     7.47
SMO 2014   11  10  01    30     8.17
SMO 2014   11  10  01    35     7.37
SMO 2014   11  10  01    40     7.73
SMO 2014   11  10  01    45     8.08
SMO 2014   11  10  01    50     7.57
SMO 2014   11  10  01    55     7.49
SMO 2014   11  10  02    00     9.05
SMO 2014   11  10  02    05     8.23
SMO 2014   11  10  02    10     7.47
SMO 2014   11  10  02    15     8.29
SMO 2014   11  10  02    20     7.45
SMO 2014   11  10  02    25     7.34
SMO 2014   11  10  02    30     7.65
SMO 2014   11  10  02    35     7.47
SMO 2014   11  10  02    40     8.49
SMO 2014   11  10  02    45     7.81
SMO 2014   11  10  02    50     7.44
SMO 2014   11  10  02    55     7.42
SMO 2014   11  10  03    00     8.06
SMO 2014   11  10  03    05     7.77
SMO 2014   11  10  03    10     6.96
SMO 2014   11  10  03    15     7.43
SMO 2014   11  10  03    20     7.29
SMO 2014   11  10  03    25     7.35
SMO 2014   11  10  03    30     7.85
SMO 2014   11  10  03    35     7.73
SMO 2014   11  10  03    40     7.26
SMO 2014   11  10  03    45     7.36
SMO 2014   11  10  03    50     7.30
SMO 2014   11  10  03    55     7.49
SMO 2014   11  10  04    00     7.30
SMO 2014   11  10  04    05     7.36
SMO 2014   11  10  04    10     7.61
SMO 2014   11  10  04    15     7.30
SMO 2014   11  10  04    20     7.11
SMO 2014   11  10  04    25     6.79
SMO 2014   11  10  04    30     7.99
SMO 2014   11  10  04    35     6.89
SMO 2014   11  10  04    40     7.39
SMO 2014   11  10  04    45     8.05
SMO 2014   11  10  04    50     7.98
SMO 2014   11  10  04    55     7.59
SMO 2014   11  10  05    00     7.84
SMO 2014   11  10  05    05     7.71
SMO 2014   11  10  05    10     8.63
SMO 2014   11  10  05    15     7.04
SMO 2014   11  10  05    20     8.19
SMO 2014   11  10  05    25     6.90
SMO 2014   11  10  05    30     7.56
SMO 2014   11  10  05    35     7.47
SMO 2014   11  10  05    40     7.62
SMO 2014   11  10  05    45     7.05
SMO 2014   11  10  05    50     8.14
SMO 2014   11  10  05    55     7.74
SMO 2014   11  10  06    00     8.16
SMO 2014   11  10  06    05     8.18
SMO 2014   11  10  06    10     8.49
SMO 2014   11  10  06    15     7.42
SMO 2014   11  10  06    20     7.75
SMO 2014   11  10  06    25     7.41
SMO 2014   11  10  06    30     8.45
SMO 2014   11  10  06    35     7.08
SMO 2014   11  10  06    40     8.15
SMO 2014   11  10  06    45     6.75
SMO 2014   11  10  06    50     7.76
SMO 2014   11  10  06    55     7.49
SMO 2014   11  10  07    00     8.51
SMO 2014   11  10  07    05     7.59
SMO 2014   11  10  07    10     8.04
SMO 2014   11  10  07    15     7.13
SMO 2014   11  10  07    20     7.74
SMO 2014   11  10  07    25     7.42
SMO 2014   11  10  07    30     7.55
SMO 2014   11  10  07    35     7.75
SMO 2014   11  10  07    40     7.51
SMO 2014   11  10  07    45     7.22
SMO 2014   11  10  07    50     7.52
SMO 2014   11  10  07    55     7.95
SMO 2014   11  10  08    00     7.65
SMO 2014   11  10  08    05     7.96
SMO 2014   11  10  08    10     7.53
SMO 2014   11  10  08    15     7.98
SMO 2014   11  10  08    20     7.43
SMO 2014   11  10  08    25     7.72
SMO 2014   11  10  08    30     8.03
SMO 2014   11  10  08    35     7.68
SMO 2014   11  10  08    40     7.42
SMO 2014   11  10  08    45     7.44
SMO 2014   11  10  08    50     7.22
SMO 2014   11  10  08    55     7.63
SMO 2014   11  10  09    00     7.60
SMO 2014   11  10  09    05     7.43
SMO 2014   11  10  09    10     7.88
SMO 2014   11  10  09    15     7.27
SMO 2014   11  10  09    20     7.86
SMO 2014   11  10  09    25     6.75
SMO 2014   11  10  09    30     7.64
SMO 2014   11  10  09    35     7.05
SMO 2014   11  10  09    40     7.50
SMO 2014   11  10  09    45     7.29
SMO 2014   11  10  09    50     7.35
SMO 2014   11  10  09    55     7.48
SMO 2014   11  10  10    00     7.44
SMO 2014   11  10  10    05     7.84
SMO 2014   11  10  10    10     6.54
SMO 2014   11  10  10    15     7.98
SMO 2014   11  10  10    20     6.84
SMO 2014   11  10  10    25     7.57
SMO 2014   11  10  10    30     7.19
SMO 2014   11  10  10    35     7.29
SMO 2014   11  10  10    40     7.27
SMO 2014   11  10  10    45     7.51
SMO 2014   11  10  10    50     8.27
SMO 2014   11  10  10    55     7.63
SMO 2014   11  10  11    00     9.10
SMO 2014   11  10  11    05     7.09
SMO 2014   11  10  11    10     7.13
SMO 2014   11  10  11    15     6.87
SMO 2014   11  10  11    20     7.73
SMO 2014   11  10  11    25     7.49
SMO 2014   11  10  11    30     7.84
SMO 2014   11  10  11    35     8.30
SMO 2014   11  10  11    40     7.41
SMO 2014   11  10  11    45     7.74
SMO 2014   11  10  11    50     7.45
SMO 2014   11  10  11    55     8.30
SMO 2014   11  10  12    00     7.37
SMO 2014   11  10  12    05     8.48
SMO 2014   11  10  12    10     6.80
SMO 2014   11  10  12    15     7.67
SMO 2014   11  10  12    20     6.77
SMO 2014   11  10  12    25     7.07
SMO 2014   11  10  12    30     7.43
SMO 2014   11  10  12    35     7.59
SMO 2014   11  10  12    40     7.42
SMO 2014   11  10  12    45     7.39
SMO 2014   11  10  12    50     7.91
SMO 2014   11  10  12    55     7.38
SMO 2014   11  10  13    00     8.20
SMO 2014   11  10  13    05     7.34
SMO 2014   11  10  13    10     8.93
SMO 2014   11  10  13    15     7.51
SMO 2014   11  10  13    20     7.07
SMO 2014   11  10  13    25     7.27
SMO 2014   11  10  13    30     7.60
SMO 2014   11  10  13    35     7.72
SMO 2014   11  10  13    40     6.53
SMO 2014   11  10  13    45     7.40
SMO 2014   11  10  13    50     7.34
SMO 2014   11  10  13    55     7.73
SMO 2014   11  10  14    00     7.70
SMO 2014   11  10  14    05     8.11
SMO 2014   11  10  14    10     7.60
SMO 2014   11  10  14    15     7.99
SMO 2014   11  10  14    20     7.90
SMO 2014   11  10  14    25     8.09
SMO 2014   11  10  14    30     8.52
SMO 2014   11  10  14    35     7.63
SMO 2014   11  10  14    40     7.84
SMO 2014   11  10  14    45     7.42
SMO 2014   11  10  14    50     8.06
SMO 2014   11  10  14    55     7.83
SMO 2014   11  10  15    00     8.23
SMO 2014   11  10  15    05     8.38
SMO 2014   11  10  15    10     7.65
SMO 2014   11  10  15    15     7.98
SMO 2014   11  10  15    20     7.39
SMO 2014   11  10  15    25     7.53
SMO 2014   11  10  15    30     7.20
SMO 2014   11  10  15    35     7.82
SMO 2014   11  10  15    40     7.33
SMO 2014   11  10  15    45     8.33
SMO 2014   11  10  15    50     7.99
SMO 2014   11  10  15    55     9.01
SMO 2014   11  10  16    00     7.73
SMO 2014   11  10  16    05     7.64
SMO 2014   11  10  16    10     7.36
SMO 2014   11  10  16    15     7.54
SMO 2014   11  10  16    20     7.94
SMO 2014   11  10  16    25     8.05
SMO 2014   11  10  16    30     8.07
SMO 2014   11  10  16    35     7.46
SMO 2014   11  10  16    40     7.89
SMO 2014   11  10  16    45     7.86
SMO 2014   11  10  16    50     8.19
SMO 2014   11  10  16    55     8.15
SMO 2014   11  10  17    00     8.21
SMO 2014   11  10  17    05     8.63
SMO 2014   11  10  17    10     8.12
SMO 2014   11  10  17    15     8.94
SMO 2014   11  10  17    20     7.08
SMO 2014   11  10  17    25     7.88
SMO 2014   11  10  17    30     7.30
SMO 2014   11  10  17    35     7.66
SMO 2014   11  10  17    40     7.86
SMO 2014   11  10  17    45     7.24
SMO 2014   11  10  17    50     9.53
SMO 2014   11  10  17    55     6.03
SMO 2014   11  10  18    00     8.90
SMO 2014   11  10  18    05     6.91
SMO 2014   11  10  18    10     8.04
SMO 2014   11  10  18    15     8.37
SMO 2014   11  10  18    20     6.29
SMO 2014   11  10  18    25     8.79
SMO 2014   11  10  18    30     6.23
SMO 2014   11  10  18    35     8.52
SMO 2014   11  10  18    40     6.55
SMO 2014   11  10  18    45     7.91
SMO 2014   11  10  18    50     6.94
SMO 2014   11  10  18    55     7.95
SMO 2014   11  10  19    00     7.57
SMO 2014   11  10  19    05     7.30
SMO 2014   11  10  19    10     8.28
SMO 2014   11  10  19    15     6.40
SMO 2014   11  10  19    20     7.00
SMO 2014   11  10  19    25     7.89
SMO 2014   11  10  19    30     6.97
SMO 2014   11  10  19    35     7.97
SMO 2014   11  10  19    40     9.03
SMO 2014   11  10  19    45     8.43
SMO 2014   11  10  19    50     8.68
SMO 2014   11  10  19    55     8.62
SMO 2014   11  10  22    00     7.25
SMO 2014   11  10  23    00     6.86
SMO 2014   11  11  00    00     6.70
SMO 2014   11  11  01    00     6.95
SMO 2014   11  11  02    00     7.01
SMO 2014   11  11  04    00     6.57
SMO 2014   11  11  05    00     6.91
SMO 2014   11  11  06    00     7.12
SMO 2014   11  11  07    00     6.79
SMO 2014   11  11  08    00     6.94
SMO 2014   11  11  09    00     6.39
SMO 2014   11  11  10    00     6.56
SMO 2014   11  11  11    00     6.80
SMO 2014   11  11  12    00     6.82
SMO 2014   11  11  13    00     7.05
SMO 2014   11  11  14    00     7.05
SMO 2014   11  11  15    00     7.22
SMO 2014   11  11  16    00     7.27
SMO 2014   11  11  17    00     7.03
SMO 2014   11  11  18    00     7.58
SMO 2014   11  11  19    00     7.33
SMO 2014   11  11  20    00     6.85
SMO 2014   11  11  21    00    15.49
SMO 2014   11  11  22    00     7.04
SMO 2014   11  11  23    00     7.20
SMO 2014   11  12  00    00     7.02
SMO 2014   11  12  01    00     7.01
SMO 2014   11  12  02    00     6.79
SMO 2014   11  12  03    00    11.27
SMO 2014   11  12  04    00     8.34
SMO 2014   11  12  05    00     7.02
SMO 2014   11  12  06    00     6.93
SMO 2014   11  12  07    00     5.76
SMO 2014   11  12  08    00     5.76
SMO 2014   11  12  09    00     4.54
SMO 2014   11  12  10    00     4.56
SMO 2014   11  12  11    00     5.78
SMO 2014   11  12  12    00     6.37
SMO 2014   11  12  13    00     7.05
SMO 2014   11  12  14    00     7.23
SMO 2014   11  12  15    00     8.87
SMO 2014   11  12  16    00     9.35
SMO 2014   11  12  17    00    10.33
SMO 2014   11  12  18    00    10.13
SMO 2014   11  12  19    00    10.32
SMO 2014   11  12  20    00    11.00
SMO 2014   11  12  21    00    10.57
SMO 2014   11  12  22    00    11.15
SMO 2014   11  12  23    00    10.86
SMO 2014   11  13  00    00    10.38
SMO 2014   11  13  01    00    11.92
SMO 2014   11  13  02    00    12.63
SMO 2014   11  13  03    00    11.40
SMO 2014   11  13  04    00    10.52
SMO 2014   11  13  05    00     9.71
SMO 2014   11  13  06    00     9.99
SMO 2014   11  13  07    00    11.26
SMO 2014   11  13  08    00    11.50
SMO 2014   11  13  09    00    10.88
SMO 2014   11  13  10    00    11.44
SMO 2014   11  13  11    00    10.70
SMO 2014   11  13  12    00    12.08
SMO 2014   11  13  13    00    13.13
SMO 2014   11  13  14    00    12.55
SMO 2014   11  13  15    00    12.83
SMO 2014   11  13  16    00    13.07
SMO 2014   11  13  17    00    13.04
SMO 2014   11  13  18    00    12.87
SMO 2014   11  13  19    00    12.47
SMO 2014   11  13  20    00    11.90
SMO 2014   11  13  21    00    11.42
SMO 2014   11  13  22    00    11.49
SMO 2014   11  13  23    00     9.65
SMO 2014   11  14  00    00     9.04
SMO 2014   11  14  01    00     8.97
SMO 2014   11  14  02    00    10.34
SMO 2014   11  14  03    00    10.64
SMO 2014   11  14  04    00    10.80
SMO 2014   11  14  05    00    11.25
SMO 2014   11  14  06    00    11.86
SMO 2014   11  14  07    00    15.40
SMO 2014   11  14  08    00    17.49
SMO 2014   11  14  09    00    18.27
SMO 2014   11  14  10    00    19.33
SMO 2014   11  14  11    00    20.44
SMO 2014   11  14  12    00    20.97
SMO 2014   11  14  13    00    21.21
SMO 2014   11  14  14    00    21.00
SMO 2014   11  14  15    00    21.32
SMO 2014   11  14  16    00    21.85
SMO 2014   11  14  17    00    22.19
SMO 2014   11  14  18    00    22.28
SMO 2014   11  14  19    00    22.16
SMO 2014   11  14  20    00    22.36
SMO 2014   11  14  21    00    22.40
SMO 2014   11  14  22    00    21.95
SMO 2014   11  14  23    00    21.03
SMO 2014   11  15  00    00    20.10
SMO 2014   11  15  01    00    19.58
SMO 2014   11  15  02    00    18.82
SMO 2014   11  15  03    00    17.98
SMO 2014   11  15  04    00    16.52
SMO 2014   11  15  05    00    16.59
SMO 2014   11  15  06    00    17.13
SMO 2014   11  15  07    00    17.04
SMO 2014   11  15  08    00    16.39
SMO 2014   11  15  09    00    16.37
SMO 2014   11  15  10    00    16.20
SMO 2014   11  15  11    00    15.75
SMO 2014   11  15  12    00    15.47
SMO 2014   11  15  13    00    16.42
SMO 2014   11  15  14    00    16.98
SMO 2014   11  15  15    00    16.37
SMO 2014   11  15  16    00    16.76
SMO 2014   11  15  17    00    16.95
SMO 2014   11  15  18    00    17.04
SMO 2014   11  15  19    00    17.55
SMO 2014   11  15  20    00    17.48
SMO 2014   11  15  21    00    16.92
SMO 2014   11  15  22    00    16.40
SMO 2014   11  15  23    00    15.56
SMO 2014   11  16  00    00    15.75
SMO 2014   11  16  01    00    15.94
SMO 2014   11  16  02    00    15.55
SMO 2014   11  16  03    00    14.84
SMO 2014   11  16  04    00    14.70
SMO 2014   11  16  05    00    14.94
SMO 2014   11  16  06    00    14.81
SMO 2014   11  16  07    00    15.74
SMO 2014   11  16  08    00    15.55
SMO 2014   11  16  09    00    15.47
SMO 2014   11  16  10    00    15.50
SMO 2014   11  16  11    00    15.23
SMO 2014   11  16  12    00    14.03
SMO 2014   11  16  13    00    15.19
SMO 2014   11  16  14    00    13.73
SMO 2014   11  16  15    00    14.01
SMO 2014   11  16  16    00    14.69
SMO 2014   11  16  17    00    13.63
SMO 2014   11  16  18    00    12.88
SMO 2014   11  16  19    00    13.72
SMO 2014   11  16  20    00    13.03
SMO 2014   11  16  21    00    12.89
SMO 2014   11  16  22    00    14.26
SMO 2014   11  16  23    00    14.78
SMO 2014   11  17  00    00    14.57
SMO 2014   11  17  01    00    14.90
SMO 2014   11  17  02    00    12.51
SMO 2014   11  17  03    00    13.32
SMO 2014   11  17  04    00    14.69
SMO 2014   11  17  05    00    14.89
SMO 2014   11  17  06    00    16.20
SMO 2014   11  17  07    00    19.51
SMO 2014   11  17  08    00    18.40
SMO 2014   11  17  09    00    16.45
SMO 2014   11  17  10    00    15.80
SMO 2014   11  17  11    00    16.05
SMO 2014   11  17  12    00    14.55
SMO 2014   11  17  13    00    13.86
SMO 2014   11  17  14    00    14.28
SMO 2014   11  17  15    00    12.00
SMO 2014   11  17  16    00    11.39
SMO 2014   11  17  17    00    11.54
SMO 2014   11  17  18    00    12.56
SMO 2014   11  17  19    00    12.93
SMO 2014   11  17  20    00    11.44
SMO 2014   11  18  08    00    11.44
SMO 2014   11  18  09    00    12.01
SMO 2014   11  18  10    00    11.75
SMO 2014   11  18  11    00    10.90
SMO 2014   11  18  12    00    10.82
SMO 2014   11  18  13    00    10.99
SMO 2014   11  18  14    00    10.10
SMO 2014   11  18  15    00    11.40
SMO 2014   11  18  16    00    12.23
SMO 2014   11  18  17    00    12.13
SMO 2014   11  18  18    00    11.72
SMO 2014   11  18  19    00    11.86
SMO 2014   11  18  20    00    12.06
SMO 2014   11  18  21    00    11.58
SMO 2014   11  18  22    00    11.52
SMO 2014   11  18  23    00    11.75
SMO 2014   11  19  02    00    10.17
SMO 2014   11  19  03    00    10.28
SMO 2014   11  19  04    00    10.09
SMO 2014   11  19  05    00     9.66
SMO 2014   11  19  06    00     9.97
SMO 2014   11  19  07    00    10.71
SMO 2014   11  19  08    00    11.17
SMO 2014   11  19  09    00    11.19
SMO 2014   11  19  10    00    11.36
SMO 2014   11  19  11    00    11.60
SMO 2014   11  19  12    00    12.03
SMO 2014   11  19  13    00    11.80
SMO 2014   11  19  14    00    11.04
SMO 2014   11  19  15    00    11.16
SMO 2014   11  19  16    00    11.05
SMO 2014   11  19  17    00    10.91
SMO 2014   11  19  18    00    12.94
SMO 2014   11  19  19    00    12.84
SMO 2014   11  19  20    00    12.64
SMO 2014   11  19  21    00    12.65
SMO 2014   11  19  22    00    12.77
SMO 2014   11  19  23    00    13.15
SMO 2014   11  20  00    00    13.76
SMO 2014   11  20  01    00    13.72
SMO 2014   11  20  02    00    14.19
SMO 2014   11  20  03    00    14.61
SMO 2014   11  20  04    00    14.91
SMO 2014   11  20  05    00    15.48
SMO 2014   11  20  06    00    16.27
SMO 2014   11  20  07    00    17.08
SMO 2014   11  20  08    00    17.78
SMO 2014   11  20  09    00    18.71
SMO 2014   11  20  10    00    20.75
SMO 2014   11  20  11    00    21.95
SMO 2014   11  20  12    00    22.80
SMO 2014   11  20  13    00    22.99
SMO 2014   11  20  14    00    23.47
SMO 2014   11  20  15    00    25.35
SMO 2014   11  20  16    00    25.50
SMO 2014   11  20  17    00    25.08
SMO 2014   11  20  18    00    24.37
SMO 2014   11  20  19    00    24.18
SMO 2014   11  20  20    00    22.74
SMO 2014   11  20  21    00    21.73
SMO 2014   11  20  22    00    21.04
SMO 2014   11  20  23    00    21.07
SMO 2014   11  21  00    00    21.82
SMO 2014   11  21  01    00    22.05
SMO 2014   11  21  02    00    21.62
SMO 2014   11  21  03    00    21.50
SMO 2014   11  21  04    00    21.47
SMO 2014   11  21  05    00    21.72
SMO 2014   11  21  06    00    22.35
SMO 2014   11  21  07    00    22.30
SMO 2014   11  21  08    00    21.91
SMO 2014   11  21  09    00    21.62
SMO 2014   11  21  10    00    22.13
SMO 2014   11  21  11    00    22.04
SMO 2014   11  21  12    00    22.32
SMO 2014   11  21  13    00    22.92
SMO 2014   11  21  14    00    22.66
SMO 2014   11  21  15    00    22.24
SMO 2014   11  21  16    00    21.92
SMO 2014   11  21  17    00    21.68
SMO 2014   11  21  18    00    21.73
SMO 2014   11  21  19    00    21.74
SMO 2014   11  21  20    00    21.45
SMO 2014   11  21  21    00    21.45
SMO 2014   11  21  22    00    20.66
SMO 2014   11  21  23    00    19.66
SMO 2014   11  22  00    00    18.93
SMO 2014   11  22  01    00    18.33
SMO 2014   11  22  02    00    17.69
SMO 2014   11  22  03    00    17.64
SMO 2014   11  22  04    00    19.18
SMO 2014   11  22  05    00    17.62
SMO 2014   11  22  06    00    17.41
SMO 2014   11  22  07    00    17.66
SMO 2014   11  22  08    00    18.03
SMO 2014   11  22  09    00    18.04
SMO 2014   11  22  10    00    18.01
SMO 2014   11  22  11    00    18.12
SMO 2014   11  22  12    00    18.30
SMO 2014   11  22  13    00    18.22
SMO 2014   11  22  14    00    18.16
SMO 2014   11  22  15    00    18.35
SMO 2014   11  22  16    00    18.27
SMO 2014   11  22  17    00    18.31
SMO 2014   11  22  18    00    18.28
SMO 2014   11  22  19    00    17.94
SMO 2014   11  22  20    00    17.57
SMO 2014   11  22  21    00    17.46
SMO 2014   11  22  22    00    17.26
SMO 2014   11  22  23    00    16.32
SMO 2014   11  23  00    00    15.71
SMO 2014   11  23  01    00    14.93
SMO 2014   11  23  02    00    14.59
SMO 2014   11  23  03    00    14.10
SMO 2014   11  23  04    00    14.02
SMO 2014   11  23  05    00    13.95
SMO 2014   11  23  06    00    13.50
SMO 2014   11  23  07    00    13.42
SMO 2014   11  23  08    00    13.35
SMO 2014   11  23  09    00    13.16
SMO 2014   11  23  10    00    13.15
SMO 2014   11  23  11    00    13.10
SMO 2014   11  23  12    00    13.51
SMO 2014   11  23  13    00    13.85
SMO 2014   11  23  14    00    14.92
SMO 2014   11  23  15    00    14.21
SMO 2014   11  23  16    00    13.45
SMO 2014   11  23  17    00    12.05
SMO 2014   11  23  18    00    14.12
SMO 2014   11  23  19    00    13.27
SMO 2014   11  23  20    00    13.78
SMO 2014   11  23  21    00    13.89
SMO 2014   11  23  22    00    13.52
SMO 2014   11  23  23    00    12.90
SMO 2014   11  24  00    00    12.76
SMO 2014   11  24  01    00    12.56
SMO 2014   11  24  02    00    12.28
SMO 2014   11  24  03    00    11.54
SMO 2014   11  24  04    00    11.89
SMO 2014   11  24  05    00    11.81
SMO 2014   11  24  06    00    12.38
SMO 2014   11  24  07    00    13.36
SMO 2014   11  24  08    00    13.29
SMO 2014   11  24  09    00    12.57
SMO 2014   11  24  10    00    12.81
SMO 2014   11  24  11    00    12.82
SMO 2014   11  24  12    00    13.11
SMO 2014   11  24  13    00    13.22
SMO 2014   11  24  14    00    13.30
SMO 2014   11  24  15    00    12.81
SMO 2014   11  24  16    00    12.83
SMO 2014   11  24  17    00    12.77
SMO 2014   11  24  18    00    12.78
SMO 2014   11  24  22    00    11.48
SMO 2014   11  24  23    00    11.11
SMO 2014   11  25  00    00    10.72
SMO 2014   11  25  01    00    10.53
SMO 2014   11  25  02    00     9.93
SMO 2014   11  25  03    00     9.54
SMO 2014   11  25  04    00     9.36
SMO 2014   11  25  05    00     9.31
SMO 2014   11  25  06    00     9.14
SMO 2014   11  25  07    00     9.12
SMO 2014   11  25  08    00     8.56
SMO 2014   11  25  09    00     8.40
SMO 2014   11  25  10    00    10.68
SMO 2014   11  25  11    00    10.62
SMO 2014   11  25  12    00    12.39
SMO 2014   11  25  13    00    12.07
SMO 2014   11  25  14    00    12.72
SMO 2014   11  25  15    00    12.18
SMO 2014   11  25  16    00    12.00
SMO 2014   11  25  17    00    11.72
SMO 2014   11  25  18    00    11.42
SMO 2014   11  25  19    00    10.89
SMO 2014   11  25  20    00    11.23
SMO 2014   11  25  21    00    11.56
SMO 2014   11  25  22    00    11.08
SMO 2014   11  25  23    00    11.69
SMO 2014   11  26  00    00    10.37
SMO 2014   11  26  01    00    10.23
SMO 2014   11  26  02    00    10.03
SMO 2014   11  26  03    00    10.97
SMO 2014   11  26  04    00    10.57
SMO 2014   11  26  05    00    12.53
SMO 2014   11  26  06    00    12.99
SMO 2014   11  26  07    00    11.27
SMO 2014   11  26  08    00    12.08
SMO 2014   11  26  09    00    12.16
SMO 2014   11  26  10    00    11.35
SMO 2014   11  26  11    00    10.19
SMO 2014   11  26  12    00     9.69
SMO 2014   11  26  13    00     9.45
SMO 2014   11  26  14    00     9.17
SMO 2014   11  26  15    00     9.50
SMO 2014   11  26  16    00    10.51
SMO 2014   11  26  17    00    10.12
SMO 2014   11  26  18    00     9.78
SMO 2014   11  26  19    00     9.60
SMO 2014   11  26  20    00     9.70
SMO 2014   11  26  21    00     9.44
SMO 2014   11  26  22    00     9.38
SMO 2014   11  26  23    00     8.98
SMO 2014   11  27  00    00     9.36
SMO 2014   11  27  01    00     9.82
SMO 2014   11  27  02    00     9.38
SMO 2014   11  27  03    00     9.37
SMO 2014   11  27  04    00     9.64
SMO 2014   11  27  05    00     9.27
SMO 2014   11  27  06    00     9.47
SMO 2014   11  27  07    00    10.04
SMO 2014   11  27  08    00     9.91
SMO 2014   11  27  09    00    11.25
SMO 2014   11  27  10    00    12.09
SMO 2014   11  27  11    00    12.10
SMO 2014   11  27  12    00    12.44
SMO 2014   11  27  13    00    12.64
SMO 2014   11  27  14    00    12.61
SMO 2014   11  27  15    00    12.85
SMO 2014   11  27  16    00    13.66
SMO 2014   11  27  17    00    13.85
SMO 2014   11  27  18    00    14.17
SMO 2014   11  27  19    00    13.61
SMO 2014   11  27  20    00    13.34
SMO 2014   11  27  21    00    14.13
SMO 2014   11  27  22    00    14.34
SMO 2014   11  27  23    00    14.91
SMO 2014   11  28  00    00    14.23
SMO 2014   11  28  01    00    10.96
SMO 2014   11  28  02    00    10.72
SMO 2014   11  28  03    00    10.46
SMO 2014   11  28  04    00    10.55
SMO 2014   11  28  05    00     9.69
SMO 2014   11  28  06    00     9.44
SMO 2014   11  28  07    00     8.99
SMO 2014   11  28  08    00     8.99
SMO 2014   11  28  09    00     8.77
SMO 2014   11  28  10    00     8.43
SMO 2014   11  28  11    00     8.12
SMO 2014   11  28  12    00     8.11
SMO 2014   11  28  13    00     8.14
SMO 2014   11  28  14    00     8.31
SMO 2014   11  28  15    00     6.34
SMO 2014   11  28  16    00     6.14
SMO 2014   11  28  17    00     7.36
SMO 2014   11  28  18    00     8.82
SMO 2014   11  28  19    00     8.39
SMO 2014   11  28  20    00     9.32
SMO 2014   11  28  21    00    11.02
SMO 2014   11  28  22    00    15.94
SMO 2014   11  28  23    00    14.17
SMO 2014   11  29  00    00     9.40
SMO 2014   11  29  01    00     9.40
SMO 2014   11  29  02    00     9.86
SMO 2014   11  29  03    00     9.25
SMO 2014   11  29  04    00     9.35
SMO 2014   11  29  05    00     9.93
SMO 2014   11  29  06    00     9.79
SMO 2014   11  29  07    00    10.06
SMO 2014   11  29  08    00     9.12
SMO 2014   11  29  09    00     8.62
SMO 2014   11  29  10    00     8.80
SMO 2014   11  29  11    00     8.58
SMO 2014   11  29  12    00     7.56
SMO 2014   11  29  13    00     5.56
SMO 2014   11  29  14    00     6.00
SMO 2014   11  29  15    00     6.54
SMO 2014   11  29  16    00     7.67
SMO 2014   11  29  17    00     9.33
SMO 2014   11  29  18    00    10.45
SMO 2014   11  29  19    00    10.57
SMO 2014   11  29  20    00    11.00
SMO 2014   11  29  21    00    11.11
SMO 2014   11  29  22    00    10.44
SMO 2014   11  29  23    00     9.45
SMO 2014   11  30  00    00     8.84
SMO 2014   11  30  01    00     8.76
SMO 2014   11  30  02    00     8.92
SMO 2014   11  30  03    00     9.01
SMO 2014   11  30  04    00     8.80
SMO 2014   11  30  05    00     8.15
SMO 2014   11  30  06    00     8.66
SMO 2014   11  30  07    00     9.10
SMO 2014   11  30  08    00     9.41
SMO 2014   11  30  09    00     9.81
SMO 2014   11  30  10    00    10.34
SMO 2014   11  30  11    00    10.20
SMO 2014   11  30  12    00    10.59
SMO 2014   11  30  13    00    10.50
SMO 2014   11  30  14    00    10.61
SMO 2014   11  30  15    00    11.00
SMO 2014   11  30  16    00    11.65
SMO 2014   11  30  17    00    11.78
SMO 2014   11  30  18    00    11.99
SMO 2014   11  30  19    00    11.75
SMO 2014   11  30  20    00    11.96
SMO 2014   11  30  21    00    11.64
SMO 2014   11  30  22    00    11.57
SMO 2014   11  30  23    00    11.33
